1 1 1.0
1 2 0.359216478437
1 3 0.393249213508
1 4 0.289083051044
1 5 0.282049942847
1 6 0.279012609545
1 7 0.294304421228
1 8 0.307771387165
1 9 0.275049741044
1 10 0.277320597478
1 11 0.82003358902
1 12 0.318638613977
1 13 0.297049127497
1 14 0.322396741717
1 15 0.303464748412
1 16 0.309014707202
1 17 0.318485358188
1 18 0.343775306929
1 19 0.351209824416
1 20 0.30775818585
1 21 0.331729844697
1 22 0.324292387169
1 23 0.30705401861
1 24 0.324219465211
1 25 0.334634771212
1 26 0.29605460128
1 27 0.316013887026
1 28 0.299755343284
1 29 0.300245193264
1 30 0.446107176591
1 31 0.329050782243
1 32 0.298034599571
1 33 0.790741210559
1 34 0.295380050111
1 35 0.29334180286
1 36 0.318887125578
1 37 0.324777635401
1 38 0.293433515224
1 39 0.323324409991
1 40 0.322376959382
1 41 0.322723627593
1 42 0.313297867526
1 43 0.30634489608
1 44 0.290934182023
1 45 0.308707394292
1 46 0.304808153115
1 47 0.295212741037
1 48 0.327803043302
1 49 0.315367182696
1 50 0.341404897729
1 51 0.33647482193
1 52 0.32752636821
1 53 0.347240110356
1 54 0.343921759973
1 55 0.329894601236
1 56 0.305993416538
1 57 0.377280350651
1 58 0.313143368213
1 59 0.303922864878
1 60 0.352938678341
1 61 0.334294626905
1 62 0.319040064408
1 63 0.316513098295
1 64 0.350597991369
1 65 0.335281458816
1 66 0.335406443626
1 67 0.382567498601
1 68 0.348600046208
1 69 0.342414887267
1 70 0.325148233802
1 71 0.321934488922
1 72 0.349962847839
1 73 0.356795796971
1 74 0.312919781595
1 75 0.290033125237
1 76 0.0785586711349
1 77 0.313417847905
1 78 0.302522649453
1 79 0.26267965441
1 80 0.176550292033
1 81 0.29947034148
1 82 0.798191602802
1 83 0.384887581523
1 84 0.314193354739
1 85 0.283975460557
1 86 0.247077908925
1 87 0.292021765312
1 88 0.279431726423
1 89 0.281291557544
1 90 0.308777917841
1 91 0.212443281633
1 92 0.279474586449
1 93 0.346108490067
1 94 0.299199740241
1 95 0.284999306122
1 96 0.327858582078
1 97 0.380634631706
1 98 0.361958542907
1 99 0.312132835086
1 100 0.300511355642
2 1 0.359216478437
2 2 1.0
2 3 0.86099866851
2 4 0.84808283538
2 5 0.868703308937
2 6 0.847247817246
2 7 0.870224557057
2 8 0.847959879442
2 9 0.870868377786
2 10 0.848975059694
2 11 0.268115308428
2 12 0.817270953641
2 13 0.833082514594
2 14 0.828062038618
2 15 0.871332165151
2 16 0.896551751867
2 17 0.879542750885
2 18 0.842167852678
2 19 0.839391900334
2 20 0.832570093073
2 21 0.844346844371
2 22 0.853815857594
2 23 0.868909734228
2 24 0.861620377174
2 25 0.848948173447
2 26 0.876430718706
2 27 0.875046444467
2 28 0.833991672454
2 29 0.823227745511
2 30 0.730769959559
2 31 0.795588175613
2 32 0.788758444244
2 33 0.368725008499
2 34 0.835010775075
2 35 0.842770507104
2 36 0.867018226557
2 37 0.892103964056
2 38 0.853532088846
2 39 0.875433589563
2 40 0.86975160934
2 41 0.786840475036
2 42 0.848940134465
2 43 0.836836842571
2 44 0.841473425332
2 45 0.833247912217
2 46 0.857169236162
2 47 0.851973008394
2 48 0.872511991759
2 49 0.837344986795
2 50 0.859152176228
2 51 0.8783664733
2 52 0.868919234419
2 53 0.81717692504
2 54 0.822488838467
2 55 0.86633321373
2 56 0.834843903338
2 57 0.880561882414
2 58 0.832347964847
2 59 0.844991901837
2 60 0.873882272649
2 61 0.822426554292
2 62 0.841650754519
2 63 0.837079665911
2 64 0.822219635793
2 65 0.81362406368
2 66 0.826258452157
2 67 0.837122666014
2 68 0.870951519856
2 69 0.852325443476
2 70 0.857189459615
2 71 0.863440224995
2 72 0.857099729082
2 73 0.851150104567
2 74 0.82489417937
2 75 0.836129042954
2 76 0.505415830243
2 77 0.761291317286
2 78 0.858697799605
2 79 0.723397615749
2 80 0.692097888603
2 81 0.836565452233
2 82 0.224171870203
2 83 0.878523724717
2 84 0.866459464623
2 85 0.820720120058
2 86 0.816826298289
2 87 0.838216588521
2 88 0.761952952307
2 89 0.754696125134
2 90 0.790749128578
2 91 0.659437698082
2 92 0.84846298373
2 93 0.886333434501
2 94 0.831326603634
2 95 0.83318978443
2 96 0.880874923731
2 97 0.7597058654
2 98 0.878228463226
2 99 0.827443845164
2 100 0.801798016991
3 1 0.393249213508
3 2 0.86099866851
3 3 1.0
3 4 0.873803640789
3 5 0.894833066463
3 6 0.902844844263
3 7 0.926679457524
3 8 0.89788100938
3 9 0.873248572395
3 10 0.882825412102
3 11 0.337376207047
3 12 0.84124938126
3 13 0.856533031453
3 14 0.824597134156
3 15 0.881325155372
3 16 0.848485468285
3 17 0.820153240596
3 18 0.886057123864
3 19 0.89450056171
3 20 0.860856451141
3 21 0.836002891542
3 22 0.84403171976
3 23 0.812401810874
3 24 0.924692165989
3 25 0.881241000605
3 26 0.890619820171
3 27 0.881532465421
3 28 0.89417371253
3 29 0.851474957071
3 30 0.771268346407
3 31 0.80461612641
3 32 0.790699194471
3 33 0.456892666002
3 34 0.871552344003
3 35 0.854925050069
3 36 0.889089572694
3 37 0.893781994287
3 38 0.883230886796
3 39 0.871336902352
3 40 0.865930607461
3 41 0.828420460852
3 42 0.850266023577
3 43 0.879138787406
3 44 0.868669510382
3 45 0.889250305118
3 46 0.881652990313
3 47 0.905784430377
3 48 0.849867630307
3 49 0.817856015592
3 50 0.856747162804
3 51 0.882795354393
3 52 0.866490664316
3 53 0.83211913996
3 54 0.849243441938
3 55 0.88334053048
3 56 0.879402731105
3 57 0.864198689143
3 58 0.87682694936
3 59 0.882283982695
3 60 0.914315924099
3 61 0.866973182454
3 62 0.863453734705
3 63 0.858400604846
3 64 0.934950136481
3 65 0.920519444409
3 66 0.868959622929
3 67 0.783499452367
3 68 0.910111275355
3 69 0.90900001612
3 70 0.879164206094
3 71 0.884129013501
3 72 0.862195182711
3 73 0.859772988494
3 74 0.865190904797
3 75 0.848319504495
3 76 0.596499215611
3 77 0.800751809145
3 78 0.888093567876
3 79 0.748883420558
3 80 0.73051178479
3 81 0.871583633441
3 82 0.299700898025
3 83 0.856183009301
3 84 0.898618451932
3 85 0.82949315279
3 86 0.807323762838
3 87 0.843752700153
3 88 0.777494154159
3 89 0.785225095546
3 90 0.787873319673
3 91 0.702458173509
3 92 0.878087088981
3 93 0.903212479631
3 94 0.840802345745
3 95 0.865900045508
3 96 0.904721908703
3 97 0.743302573602
3 98 0.874930796939
3 99 0.830345898342
3 100 0.80722866936
4 1 0.289083051044
4 2 0.84808283538
4 3 0.873803640789
4 4 1.0
4 5 0.943849074804
4 6 0.897728649608
4 7 0.919668062771
4 8 0.925830152528
4 9 0.924991189432
4 10 0.911247325544
4 11 0.239416693842
4 12 0.918728375653
4 13 0.888831113563
4 14 0.892126820834
4 15 0.888422627533
4 16 0.880659359681
4 17 0.835179143381
4 18 0.857072108223
4 19 0.868689361894
4 20 0.911618578593
4 21 0.914262004189
4 22 0.845662008455
4 23 0.827708218125
4 24 0.897355616127
4 25 0.92198754077
4 26 0.894702554025
4 27 0.912179383015
4 28 0.913355619839
4 29 0.86059623763
4 30 0.730309776737
4 31 0.812444102835
4 32 0.831179153475
4 33 0.335118471039
4 34 0.924291167125
4 35 0.88684049732
4 36 0.898892908653
4 37 0.907019021033
4 38 0.928541066107
4 39 0.90674231987
4 40 0.887408661696
4 41 0.864071008305
4 42 0.89433439704
4 43 0.900925552006
4 44 0.902758515415
4 45 0.900240722383
4 46 0.900750028545
4 47 0.896041645425
4 48 0.85755924864
4 49 0.827005981959
4 50 0.885889418941
4 51 0.906741218628
4 52 0.882765585029
4 53 0.889008016677
4 54 0.888698740329
4 55 0.890301830477
4 56 0.914457107613
4 57 0.855066686907
4 58 0.921283051997
4 59 0.897982645958
4 60 0.897906555438
4 61 0.878989400141
4 62 0.921846034501
4 63 0.945596226167
4 64 0.856550721442
4 65 0.864717707139
4 66 0.877708281017
4 67 0.792044365842
4 68 0.880204373836
4 69 0.889335668342
4 70 0.878614095219
4 71 0.891704382844
4 72 0.928390752762
4 73 0.930134533304
4 74 0.924401961319
4 75 0.89117591583
4 76 0.549192848466
4 77 0.774717243385
4 78 0.893311721549
4 79 0.754858223533
4 80 0.735504636441
4 81 0.872999614445
4 82 0.203442803183
4 83 0.819144085465
4 84 0.88697666346
4 85 0.8595820634
4 86 0.855790044937
4 87 0.860093383392
4 88 0.775513433454
4 89 0.763455648229
4 90 0.796973173773
4 91 0.682927318818
4 92 0.895480513998
4 93 0.870486066546
4 94 0.866177245961
4 95 0.887611203652
4 96 0.891518569969
4 97 0.824474445041
4 98 0.891300191313
4 99 0.830946411213
4 100 0.809581933438
5 1 0.282049942847
5 2 0.868703308937
5 3 0.894833066463
5 4 0.943849074804
5 5 1.0
5 6 0.918707302136
5 7 0.943439305523
5 8 0.940202565549
5 9 0.933688228572
5 10 0.935305098734
5 11 0.224178114634
5 12 0.907044193994
5 13 0.923881413436
5 14 0.908923994866
5 15 0.910939242158
5 16 0.881638482863
5 17 0.85653228628
5 18 0.879436734241
5 19 0.877640317147
5 20 0.914337158645
5 21 0.894251989372
5 22 0.880087548643
5 23 0.853055178528
5 24 0.920841380011
5 25 0.921502379639
5 26 0.918415355121
5 27 0.921792519568
5 28 0.930534346783
5 29 0.894617011273
5 30 0.7697647161
5 31 0.834142526681
5 32 0.839270989408
5 33 0.327149783105
5 34 0.919119018576
5 35 0.893942453283
5 36 0.940247206163
5 37 0.927711110047
5 38 0.945989875232
5 39 0.908062712236
5 40 0.908353795476
5 41 0.88317366701
5 42 0.89675230466
5 43 0.913673553537
5 44 0.92238833879
5 45 0.917353487031
5 46 0.913677201776
5 47 0.917233050702
5 48 0.8822356663
5 49 0.864655257367
5 50 0.907052794893
5 51 0.925865261022
5 52 0.904689499787
5 53 0.874963867847
5 54 0.869995672666
5 55 0.908046373881
5 56 0.892559514951
5 57 0.875067505731
5 58 0.89349862806
5 59 0.930064825291
5 60 0.921307130766
5 61 0.89275534444
5 62 0.934858390421
5 63 0.917974065173
5 64 0.876918841238
5 65 0.883355755586
5 66 0.897524373422
5 67 0.825700155821
5 68 0.903396011719
5 69 0.913700155716
5 70 0.900976505704
5 71 0.912775893965
5 72 0.901602160067
5 73 0.9034292438
5 74 0.89722714564
5 75 0.908725979348
5 76 0.582596578264
5 77 0.793687644108
5 78 0.920653471101
5 79 0.779172004759
5 80 0.760219117512
5 81 0.919986503424
5 82 0.186359665336
5 83 0.84499706183
5 84 0.910269295779
5 85 0.877861277746
5 86 0.859280379565
5 87 0.882375692526
5 88 0.795064431465
5 89 0.788883818856
5 90 0.809389730356
5 91 0.709996892556
5 92 0.914098493891
5 93 0.891810042121
5 94 0.901715246991
5 95 0.918022762909
5 96 0.915732532576
5 97 0.816862858135
5 98 0.916342257239
5 99 0.853919952562
5 100 0.834366434176
6 1 0.279012609545
6 2 0.847247817246
6 3 0.902844844263
6 4 0.897728649608
6 5 0.918707302136
6 6 1.0
6 7 0.966718571719
6 8 0.914401761242
6 9 0.900169976604
6 10 0.952634960817
6 11 0.23743489331
6 12 0.879246466286
6 13 0.872235115398
6 14 0.851401619103
6 15 0.937732757693
6 16 0.86647520432
6 17 0.842737488743
6 18 0.901399341648
6 19 0.88743337584
6 20 0.870387133779
6 21 0.888885078667
6 22 0.862119082044
6 23 0.839349548622
6 24 0.944413742307
6 25 0.888156285745
6 26 0.905787643826
6 27 0.905529333449
6 28 0.955857384986
6 29 0.883623737049
6 30 0.763776594939
6 31 0.838634448188
6 32 0.833261587763
6 33 0.342712505544
6 34 0.912812979048
6 35 0.89384863328
6 36 0.916869992526
6 37 0.897436098773
6 38 0.92679289388
6 39 0.886652967917
6 40 0.899671168585
6 41 0.87509696697
6 42 0.89743603303
6 43 0.922880563417
6 44 0.882883255666
6 45 0.933230903693
6 46 0.897813544242
6 47 0.945470194527
6 48 0.874998188126
6 49 0.855871875382
6 50 0.887160373115
6 51 0.898244178353
6 52 0.885478709854
6 53 0.868665048495
6 54 0.879611401531
6 55 0.909820250918
6 56 0.927880649704
6 57 0.860709073236
6 58 0.910441416726
6 59 0.907366530883
6 60 0.92049748724
6 61 0.898388000811
6 62 0.910447673888
6 63 0.904983050047
6 64 0.911616866222
6 65 0.925160325953
6 66 0.907373310645
6 67 0.799839358263
6 68 0.926942436207
6 69 0.937123617725
6 70 0.900293610387
6 71 0.893465231391
6 72 0.892829725835
6 73 0.890391339688
6 74 0.907771971311
6 75 0.879442788531
6 76 0.587136354705
6 77 0.804011477084
6 78 0.919839957292
6 79 0.770549685693
6 80 0.752817334904
6 81 0.896045797285
6 82 0.190258159312
6 83 0.847275137391
6 84 0.911936247324
6 85 0.859799821037
6 86 0.864463505635
6 87 0.87697444764
6 88 0.783225176334
6 89 0.803562072965
6 90 0.807275434074
6 91 0.701169154462
6 92 0.912980391955
6 93 0.924291245499
6 94 0.866209714152
6 95 0.889930263571
6 96 0.911552343219
6 97 0.813679777751
6 98 0.907739637561
6 99 0.838351268521
6 100 0.815770938482
7 1 0.294304421228
7 2 0.870224557057
7 3 0.926679457524
7 4 0.919668062771
7 5 0.943439305523
7 6 0.966718571719
7 7 1.0
7 8 0.932679546905
7 9 0.916993680172
7 10 0.949175505003
7 11 0.248978813265
7 12 0.889947718844
7 13 0.893930672153
7 14 0.881236714604
7 15 0.93870489408
7 16 0.890028248108
7 17 0.856184001389
7 18 0.912171756768
7 19 0.895244217339
7 20 0.894856888872
7 21 0.899756942145
7 22 0.869029939697
7 23 0.851572892577
7 24 0.949871151634
7 25 0.907679014323
7 26 0.931019847859
7 27 0.92097974163
7 28 0.95310777943
7 29 0.889322574208
7 30 0.760855578421
7 31 0.83792812509
7 32 0.831700415068
7 33 0.362068710503
7 34 0.913798687305
7 35 0.894496513319
7 36 0.921718535514
7 37 0.923734059622
7 38 0.93629753975
7 39 0.893615955879
7 40 0.910721627736
7 41 0.880186481137
7 42 0.899995840186
7 43 0.921933830496
7 44 0.899856529633
7 45 0.928810490799
7 46 0.908888774473
7 47 0.943922437905
7 48 0.87782545632
7 49 0.854161167902
7 50 0.90431067794
7 51 0.923974928047
7 52 0.903528525064
7 53 0.876798168726
7 54 0.884625505003
7 55 0.91934314078
7 56 0.922453863956
7 57 0.875570432425
7 58 0.916144760818
7 59 0.913178768578
7 60 0.936043092546
7 61 0.905904063234
7 62 0.925466932679
7 63 0.919297370892
7 64 0.923907408589
7 65 0.930838340306
7 66 0.900996492391
7 67 0.808517366336
7 68 0.938305081268
7 69 0.940921056105
7 70 0.904937648744
7 71 0.901487950803
7 72 0.900764506641
7 73 0.90280399104
7 74 0.915800880503
7 75 0.896871951087
7 76 0.579503363417
7 77 0.801343692102
7 78 0.922114967228
7 79 0.778774498029
7 80 0.760238965663
7 81 0.90120180998
7 82 0.206933564153
7 83 0.858050873287
7 84 0.924374432572
7 85 0.866199357335
7 86 0.856310114586
7 87 0.88207145542
7 88 0.793321523837
7 89 0.80224685185
7 90 0.811509610962
7 91 0.710427184972
7 92 0.911940271981
7 93 0.92801008763
7 94 0.882154949655
7 95 0.908365406673
7 96 0.931401448134
7 97 0.816663661259
7 98 0.922068344345
7 99 0.846599737055
7 100 0.818842829154
8 1 0.307771387165
8 2 0.847959879442
8 3 0.89788100938
8 4 0.925830152528
8 5 0.940202565549
8 6 0.914401761242
8 7 0.932679546905
8 8 1.0
8 9 0.884163705926
8 10 0.948338726419
8 11 0.256528815468
8 12 0.906061196784
8 13 0.890089678167
8 14 0.851848291885
8 15 0.914788154437
8 16 0.847323558155
8 17 0.824325065195
8 18 0.871863625872
8 19 0.892965405162
8 20 0.878169429377
8 21 0.892900823242
8 22 0.843426153475
8 23 0.813895522124
8 24 0.923783947703
8 25 0.912863214382
8 26 0.903211074291
8 27 0.912461498775
8 28 0.935429043858
8 29 0.848171037728
8 30 0.72963138581
8 31 0.809877572444
8 32 0.830593876967
8 33 0.343652433751
8 34 0.880537554701
8 35 0.856378406757
8 36 0.897406446056
8 37 0.898779376891
8 38 0.934830731013
8 39 0.880763562033
8 40 0.866468952806
8 41 0.907291978844
8 42 0.888645613846
8 43 0.875753618812
8 44 0.883744327575
8 45 0.927382053999
8 46 0.866038665214
8 47 0.903726412296
8 48 0.849517739283
8 49 0.819600379772
8 50 0.881134250078
8 51 0.900111154213
8 52 0.88437751232
8 53 0.868813032834
8 54 0.868823110542
8 55 0.878087311255
8 56 0.898379845015
8 57 0.830056355258
8 58 0.889250923931
8 59 0.884276249566
8 60 0.890754640072
8 61 0.921993533996
8 62 0.922514071655
8 63 0.918045538478
8 64 0.886735657094
8 65 0.89093984219
8 66 0.895229305093
8 67 0.774440684265
8 68 0.896694298965
8 69 0.896523528882
8 70 0.895135106704
8 71 0.892875735864
8 72 0.89631244421
8 73 0.888894263998
8 74 0.87407454821
8 75 0.858398656755
8 76 0.559297296154
8 77 0.771752741341
8 78 0.877512812908
8 79 0.750891128855
8 80 0.728368560056
8 81 0.876625708576
8 82 0.217308697682
8 83 0.819102920842
8 84 0.878105223091
8 85 0.861588091178
8 86 0.851375024177
8 87 0.851501511555
8 88 0.771169556902
8 89 0.761373922371
8 90 0.787420273899
8 91 0.686477840817
8 92 0.865711764733
8 93 0.881784125514
8 94 0.851723762092
8 95 0.873471784405
8 96 0.889145129936
8 97 0.818267930129
8 98 0.879378652944
8 99 0.831640832194
8 100 0.808580087668
9 1 0.275049741044
9 2 0.870868377786
9 3 0.873248572395
9 4 0.924991189432
9 5 0.933688228572
9 6 0.900169976604
9 7 0.916993680172
9 8 0.884163705926
9 9 1.0
9 10 0.905065746535
9 11 0.228057076896
9 12 0.904845982085
9 13 0.921249700593
9 14 0.889805701271
9 15 0.891212209161
9 16 0.869626073068
9 17 0.840543269161
9 18 0.847890227688
9 19 0.851366777318
9 20 0.924765570802
9 21 0.885872288321
9 22 0.857849882771
9 23 0.826142333014
9 24 0.888533247507
9 25 0.879116350214
9 26 0.891387288165
9 27 0.893347006472
9 28 0.885509734708
9 29 0.870938109785
9 30 0.752110998789
9 31 0.824791175982
9 32 0.813666148862
9 33 0.323646745923
9 34 0.922909704633
9 35 0.903602638832
9 36 0.904782600808
9 37 0.900984846505
9 38 0.912171150508
9 39 0.869564049648
9 40 0.892991471538
9 41 0.84047742571
9 42 0.873318091374
9 43 0.889640305814
9 44 0.915961536551
9 45 0.872333860674
9 46 0.930934305137
9 47 0.892077154058
9 48 0.850326128407
9 49 0.844097734997
9 50 0.878265454643
9 51 0.897017497414
9 52 0.883094589215
9 53 0.872902062851
9 54 0.868629026667
9 55 0.877754305892
9 56 0.890099706344
9 57 0.89737878565
9 58 0.884258076124
9 59 0.900246480006
9 60 0.891425739012
9 61 0.84844812754
9 62 0.890930488033
9 63 0.894546536878
9 64 0.863313025191
9 65 0.863054286061
9 66 0.856849718713
9 67 0.813767232461
9 68 0.873763063971
9 69 0.888114971004
9 70 0.870570321514
9 71 0.874362824011
9 72 0.899148221772
9 73 0.890930017089
9 74 0.886483550765
9 75 0.910112301538
9 76 0.559955879796
9 77 0.770484159121
9 78 0.909349300735
9 79 0.760603492735
9 80 0.733615847481
9 81 0.883127060436
9 82 0.181318767289
9 83 0.835877107587
9 84 0.881097692668
9 85 0.850529270765
9 86 0.845761419574
9 87 0.860848387171
9 88 0.773499382463
9 89 0.770185303372
9 90 0.815908738062
9 91 0.684963666984
9 92 0.902405079693
9 93 0.877087146545
9 94 0.879278672095
9 95 0.905784515601
9 96 0.885960706869
9 97 0.80072712494
9 98 0.891299270739
9 99 0.82254170403
9 100 0.801764475749
10 1 0.277320597478
10 2 0.848975059694
10 3 0.882825412102
10 4 0.911247325544
10 5 0.935305098734
10 6 0.952634960817
10 7 0.949175505003
10 8 0.948338726419
10 9 0.905065746535
10 10 1.0
10 11 0.226405115128
10 12 0.915040887614
10 13 0.905237004566
10 14 0.852787876212
10 15 0.943725126433
10 16 0.863986357195
10 17 0.840542346571
10 18 0.883196778187
10 19 0.872029969957
10 20 0.873946074675
10 21 0.897446994372
10 22 0.848141936975
10 23 0.830030278449
10 24 0.926177403876
10 25 0.895277809947
10 26 0.910114302704
10 27 0.911056605046
10 28 0.932706921706
10 29 0.862063664902
10 30 0.754171763776
10 31 0.842061882518
10 32 0.851558725851
10 33 0.320298447754
10 34 0.901725326906
10 35 0.888257790939
10 36 0.894859182983
10 37 0.904079459325
10 38 0.956255413077
10 39 0.863695560816
10 40 0.90112754605
10 41 0.903414315814
10 42 0.903195226774
10 43 0.893281179632
10 44 0.889034610091
10 45 0.919489802234
10 46 0.874320032406
10 47 0.927619673987
10 48 0.858959209167
10 49 0.839706184795
10 50 0.908915080178
10 51 0.919182817483
10 52 0.907172345243
10 53 0.87306183045
10 54 0.864613852519
10 55 0.8906620626
10 56 0.912694723149
10 57 0.843750480537
10 58 0.889632653684
10 59 0.90424494404
10 60 0.903499451688
10 61 0.912142490467
10 62 0.929622866264
10 63 0.92669607453
10 64 0.889092114891
10 65 0.90789752515
10 66 0.892532604365
10 67 0.792069486896
10 68 0.910337656328
10 69 0.924026247309
10 70 0.911599924799
10 71 0.893317547522
10 72 0.905770125168
10 73 0.89673920819
10 74 0.888326618048
10 75 0.88250522485
10 76 0.569608213767
10 77 0.789978915114
10 78 0.896757435419
10 79 0.771865292912
10 80 0.75016428738
10 81 0.88508947987
10 82 0.182969103247
10 83 0.826404773711
10 84 0.889047909284
10 85 0.879306974672
10 86 0.879299940419
10 87 0.872024074813
10 88 0.787674055872
10 89 0.791064424221
10 90 0.811609495518
10 91 0.708196476134
10 92 0.890316076067
10 93 0.9007612648
10 94 0.871429213401
10 95 0.878572936905
10 96 0.89546855922
10 97 0.828151702879
10 98 0.908403459093
10 99 0.842131102598
10 100 0.821348272321
11 1 0.82003358902
11 2 0.268115308428
11 3 0.337376207047
11 4 0.239416693842
11 5 0.224178114634
11 6 0.23743489331
11 7 0.248978813265
11 8 0.256528815468
11 9 0.228057076896
11 10 0.226405115128
11 11 1.0
11 12 0.280277728888
11 13 0.264339897396
11 14 0.276917339456
11 15 0.241965717206
11 16 0.248482428436
11 17 0.26715335378
11 18 0.292555888727
11 19 0.316404104709
11 20 0.269184892422
11 21 0.278226990117
11 22 0.29065570557
11 23 0.249923052388
11 24 0.283857686601
11 25 0.286143851646
11 26 0.234440786168
11 27 0.262662939504
11 28 0.261925228802
11 29 0.275344694134
11 30 0.431738193297
11 31 0.221797228363
11 32 0.251105847804
11 33 0.922388247093
11 34 0.264124281862
11 35 0.252962716695
11 36 0.276907254892
11 37 0.254649947955
11 38 0.23883256382
11 39 0.275809121271
11 40 0.248133503224
11 41 0.283570451171
11 42 0.270418614623
11 43 0.26707972196
11 44 0.241352838602
11 45 0.273052092511
11 46 0.277268970159
11 47 0.2605089016
11 48 0.293736262449
11 49 0.283147481786
11 50 0.274194982334
11 51 0.260749579207
11 52 0.278329853801
11 53 0.320942614196
11 54 0.325627753776
11 55 0.272218415854
11 56 0.277880324517
11 57 0.333050129482
11 58 0.297445225605
11 59 0.262377672556
11 60 0.306772767299
11 61 0.284537256307
11 62 0.270655268306
11 63 0.265822528734
11 64 0.305349115979
11 65 0.290851802219
11 66 0.308352364194
11 67 0.344017798797
11 68 0.309650366199
11 69 0.315946158756
11 70 0.285715534251
11 71 0.281030865169
11 72 0.310733211294
11 73 0.315794544109
11 74 0.280643293538
11 75 0.243161469823
11 76 0.0590144855732
11 77 0.18414246727
11 78 0.273201930726
11 79 0.109843199404
11 80 0.0875652230961
11 81 0.264641382252
11 82 0.962399507074
11 83 0.351954615579
11 84 0.263389919467
11 85 0.201836714236
11 86 0.210072863425
11 87 0.210724849444
11 88 0.173635621406
11 89 0.168488331049
11 90 0.257681377837
11 91 0.119391132863
11 92 0.250580956984
11 93 0.309716287803
11 94 0.261824185351
11 95 0.23531622086
11 96 0.275516988291
11 97 0.344696672583
11 98 0.310135446683
11 99 0.212936601201
11 100 0.185640425339
12 1 0.318638613977
12 2 0.817270953641
12 3 0.84124938126
12 4 0.918728375653
12 5 0.907044193994
12 6 0.879246466286
12 7 0.889947718844
12 8 0.906061196784
12 9 0.904845982085
12 10 0.915040887614
12 11 0.280277728888
12 12 1.0
12 13 0.934788711034
12 14 0.894781570495
12 15 0.879906740365
12 16 0.845114470881
12 17 0.817510386678
12 18 0.829846051048
12 19 0.847417335209
12 20 0.91883900776
12 21 0.877988358401
12 22 0.808094975426
12 23 0.793208411999
12 24 0.860831282441
12 25 0.881319988755
12 26 0.862321748738
12 27 0.885357124981
12 28 0.883893925711
12 29 0.862611929796
12 30 0.719211975721
12 31 0.79921511114
12 32 0.828775175925
12 33 0.359576738398
12 34 0.879223620471
12 35 0.854337020906
12 36 0.862937762793
12 37 0.865380428631
12 38 0.924565031724
12 39 0.852052299574
12 40 0.863075057682
12 41 0.863701815425
12 42 0.875464269824
12 43 0.846403759809
12 44 0.858899657762
12 45 0.874579755313
12 46 0.860318882377
12 47 0.88873820467
12 48 0.817057838703
12 49 0.791580720969
12 50 0.870993465924
12 51 0.883776094862
12 52 0.872472125872
12 53 0.901041883521
12 54 0.885420364912
12 55 0.839301480306
12 56 0.893406622764
12 57 0.832002483547
12 58 0.889311553685
12 59 0.861935543749
12 60 0.862279813828
12 61 0.861104290948
12 62 0.912536783591
12 63 0.914867800159
12 64 0.824520847898
12 65 0.837211468486
12 66 0.866628194185
12 67 0.761179194352
12 68 0.844995412233
12 69 0.879428173488
12 70 0.854722157699
12 71 0.840184069804
12 72 0.902659267957
12 73 0.897634258468
12 74 0.895595071355
12 75 0.861778741928
12 76 0.510275209551
12 77 0.741056848479
12 78 0.85196698244
12 79 0.726717177942
12 80 0.711950333715
12 81 0.852344681087
12 82 0.243088223309
12 83 0.78504556793
12 84 0.854128691974
12 85 0.831199763793
12 86 0.855074656713
12 87 0.822579979417
12 88 0.751465705499
12 89 0.758379285991
12 90 0.812496647419
12 91 0.656296659673
12 92 0.854084512701
12 93 0.845241634139
12 94 0.833055405349
12 95 0.882157006209
12 96 0.856103192679
12 97 0.857769080442
12 98 0.865673336187
12 99 0.790169757823
12 100 0.769569505046
13 1 0.297049127497
13 2 0.833082514594
13 3 0.856533031453
13 4 0.888831113563
13 5 0.923881413436
13 6 0.872235115398
13 7 0.893930672153
13 8 0.890089678167
13 9 0.921249700593
13 10 0.905237004566
13 11 0.264339897396
13 12 0.934788711034
13 13 1.0
13 14 0.887697446395
13 15 0.87534173969
13 16 0.855417477663
13 17 0.826138532937
13 18 0.827090328947
13 19 0.834024742169
13 20 0.920864094592
13 21 0.845302993342
13 22 0.852500488971
13 23 0.802022394064
13 24 0.87013731249
13 25 0.859242745782
13 26 0.87072573737
13 27 0.871459335427
13 28 0.863744641271
13 29 0.902793037653
13 30 0.748267657219
13 31 0.80992439038
13 32 0.805073584428
13 33 0.355225109411
13 34 0.880446824317
13 35 0.879047103713
13 36 0.872972373461
13 37 0.874737912031
13 38 0.902885373993
13 39 0.844535942279
13 40 0.869452499412
13 41 0.850376378762
13 42 0.84986529619
13 43 0.85948611665
13 44 0.887877871257
13 45 0.857306274833
13 46 0.872328267173
13 47 0.871927046767
13 48 0.824042873755
13 49 0.83313855021
13 50 0.876347609438
13 51 0.889034957439
13 52 0.885472041481
13 53 0.868601456812
13 54 0.849856395178
13 55 0.852126802431
13 56 0.852941225249
13 57 0.848052117818
13 58 0.841056887198
13 59 0.886021229522
13 60 0.870414844077
13 61 0.847918225908
13 62 0.889342527677
13 63 0.874218243199
13 64 0.83351862138
13 65 0.835672601427
13 66 0.839427712045
13 67 0.802075023077
13 68 0.856644218339
13 69 0.87831755025
13 70 0.846749083785
13 71 0.849662466537
13 72 0.866124073695
13 73 0.861673470993
13 74 0.842680841844
13 75 0.881852080419
13 76 0.540512536611
13 77 0.75566696391
13 78 0.883121393884
13 79 0.736268598526
13 80 0.72396077639
13 81 0.86766235656
13 82 0.232518167118
13 83 0.812966340869
13 84 0.857437703577
13 85 0.83719530244
13 86 0.83122167787
13 87 0.831296964358
13 88 0.759410535806
13 89 0.76519148127
13 90 0.815179148173
13 91 0.670056598988
13 92 0.866883305594
13 93 0.851981851348
13 94 0.876835793147
13 95 0.926371475504
13 96 0.862764965372
13 97 0.823997926874
13 98 0.874859865936
13 99 0.802102468946
13 100 0.783224289028
14 1 0.322396741717
14 2 0.828062038618
14 3 0.824597134156
14 4 0.892126820834
14 5 0.908923994866
14 6 0.851401619103
14 7 0.881236714604
14 8 0.851848291885
14 9 0.889805701271
14 10 0.852787876212
14 11 0.276917339456
14 12 0.894781570495
14 13 0.887697446395
14 14 1.0
14 15 0.898496981793
14 16 0.86970291486
14 17 0.848891571134
14 18 0.824012817652
14 19 0.810155594328
14 20 0.909384770623
14 21 0.861343318048
14 22 0.841616035017
14 23 0.805245381732
14 24 0.876544692709
14 25 0.869900513611
14 26 0.846130273249
14 27 0.852737099842
14 28 0.874099966229
14 29 0.890943039871
14 30 0.741111810183
14 31 0.794986082378
14 32 0.792747109138
14 33 0.356079930015
14 34 0.885467602074
14 35 0.865100154949
14 36 0.89996674925
14 37 0.86349666246
14 38 0.865769054586
14 39 0.853784900243
14 40 0.851467340543
14 41 0.826285100281
14 42 0.871921474232
14 43 0.852764858871
14 44 0.89250380446
14 45 0.867884030025
14 46 0.888849372927
14 47 0.872092558187
14 48 0.8726124436
14 49 0.850973155162
14 50 0.861638395767
14 51 0.854598321282
14 52 0.868284300546
14 53 0.881236899441
14 54 0.868029738064
14 55 0.849874893744
14 56 0.880400525881
14 57 0.865447114036
14 58 0.892801439308
14 59 0.896890564896
14 60 0.854326298913
14 61 0.840216572832
14 62 0.856157455304
14 63 0.867006004874
14 64 0.812546821264
14 65 0.817457201597
14 66 0.869705743499
14 67 0.80399622351
14 68 0.844677239079
14 69 0.862968151682
14 70 0.832545585222
14 71 0.83964489448
14 72 0.868964837899
14 73 0.865173858943
14 74 0.894124639935
14 75 0.907412350277
14 76 0.482945527444
14 77 0.714203690882
14 78 0.88834400567
14 79 0.713119855414
14 80 0.691662232495
14 81 0.895094855964
14 82 0.237642661783
14 83 0.791703364916
14 84 0.837888020087
14 85 0.790630695843
14 86 0.808530062353
14 87 0.813633191701
14 88 0.740643916672
14 89 0.735303732313
14 90 0.784963233746
14 91 0.615334089667
14 92 0.884266323888
14 93 0.835719890771
14 94 0.871085991714
14 95 0.887521215836
14 96 0.849246524891
14 97 0.840416121835
14 98 0.869045133712
14 99 0.803956119691
14 100 0.774105094474
15 1 0.303464748412
15 2 0.871332165151
15 3 0.881325155372
15 4 0.888422627533
15 5 0.910939242158
15 6 0.937732757693
15 7 0.93870489408
15 8 0.914788154437
15 9 0.891212209161
15 10 0.943725126433
15 11 0.241965717206
15 12 0.879906740365
15 13 0.87534173969
15 14 0.898496981793
15 15 1.0
15 16 0.885520947099
15 17 0.88304287214
15 18 0.877569002046
15 19 0.871907179296
15 20 0.860263505277
15 21 0.886007786319
15 22 0.863308258123
15 23 0.836568428001
15 24 0.941464367846
15 25 0.899018618243
15 26 0.904786394887
15 27 0.904098820375
15 28 0.934219899643
15 29 0.877496197946
15 30 0.759391612073
15 31 0.843345322171
15 32 0.855546824089
15 33 0.330402839146
15 34 0.881390068818
15 35 0.881796642887
15 36 0.904003434248
15 37 0.911324938584
15 38 0.917369150645
15 39 0.869394507864
15 40 0.907076969685
15 41 0.888749852615
15 42 0.906142718212
15 43 0.891233077843
15 44 0.898286816459
15 45 0.926698210877
15 46 0.883492430789
15 47 0.931163133716
15 48 0.882160558548
15 49 0.868577164084
15 50 0.904696633031
15 51 0.895373220812
15 52 0.907144619027
15 53 0.872761715491
15 54 0.857175367439
15 55 0.890220618452
15 56 0.923122373518
15 57 0.865182167785
15 58 0.901881856164
15 59 0.920765029544
15 60 0.891197425387
15 61 0.898361617051
15 62 0.896742198816
15 63 0.891556146347
15 64 0.878894855309
15 65 0.896725878427
15 66 0.914919018348
15 67 0.805895490879
15 68 0.910389083068
15 69 0.921120798496
15 70 0.906385063188
15 71 0.890087330497
15 72 0.902680083664
15 73 0.889463225592
15 74 0.899000137066
15 75 0.902739221954
15 76 0.558998228441
15 77 0.775154128604
15 78 0.906423657515
15 79 0.773818250677
15 80 0.744095804322
15 81 0.905311564883
15 82 0.19806199628
15 83 0.838068560678
15 84 0.882693213639
15 85 0.844372257341
15 86 0.867343798706
15 87 0.869729166268
15 88 0.792430343852
15 89 0.783086970102
15 90 0.806339302183
15 91 0.693022993636
15 92 0.899792486054
15 93 0.908214126051
15 94 0.891709321803
15 95 0.869977649894
15 96 0.893638461918
15 97 0.822939133675
15 98 0.919793456006
15 99 0.848320415111
15 100 0.82972393113
16 1 0.309014707202
16 2 0.896551751867
16 3 0.848485468285
16 4 0.880659359681
16 5 0.881638482863
16 6 0.86647520432
16 7 0.890028248108
16 8 0.847323558155
16 9 0.869626073068
16 10 0.863986357195
16 11 0.248482428436
16 12 0.845114470881
16 13 0.855417477663
16 14 0.86970291486
16 15 0.885520947099
16 16 1.0
16 17 0.922082764849
16 18 0.856642003956
16 19 0.848959951792
16 20 0.848950896217
16 21 0.872326365939
16 22 0.852703836958
16 23 0.888223007052
16 24 0.868733797998
16 25 0.858229452626
16 26 0.89128978232
16 27 0.891062558505
16 28 0.862149738797
16 29 0.839055570406
16 30 0.719290660985
16 31 0.83727295612
16 32 0.830662415637
16 33 0.345862704787
16 34 0.869765623204
16 35 0.893863294001
16 36 0.882552130466
16 37 0.895640154247
16 38 0.858633281445
16 39 0.880405354989
16 40 0.891875903378
16 41 0.818705695914
16 42 0.87823967721
16 43 0.854689153496
16 44 0.886052739883
16 45 0.860744632066
16 46 0.861242898061
16 47 0.869696676305
16 48 0.890845761393
16 49 0.85150819243
16 50 0.892816651637
16 51 0.890860019303
16 52 0.891494649536
16 53 0.855825298912
16 54 0.848905328511
16 55 0.884624621926
16 56 0.87544308279
16 57 0.893457123802
16 58 0.879213613299
16 59 0.869146853101
16 60 0.88761309118
16 61 0.846893688917
16 62 0.859485627843
16 63 0.870700394263
16 64 0.830061523073
16 65 0.835546295802
16 66 0.850276810023
16 67 0.820255523613
16 68 0.880807500727
16 69 0.875375897571
16 70 0.863844240987
16 71 0.874212628772
16 72 0.894636087599
16 73 0.889393408337
16 74 0.879056175067
16 75 0.873174407817
16 76 0.540335743208
16 77 0.77535626814
16 78 0.863088493738
16 79 0.760629014536
16 80 0.73209529402
16 81 0.855792982635
16 82 0.204609194272
16 83 0.87349221004
16 84 0.878020854783
16 85 0.839004189484
16 86 0.843929083904
16 87 0.858845541727
16 88 0.780298130307
16 89 0.781833939504
16 90 0.80799279634
16 91 0.681724132591
16 92 0.862025626032
16 93 0.887689673547
16 94 0.860340345767
16 95 0.864756430118
16 96 0.884565359951
16 97 0.817665568439
16 98 0.897288378915
16 99 0.82650172718
16 100 0.801890776369
17 1 0.318485358188
17 2 0.879542750885
17 3 0.820153240596
17 4 0.835179143381
17 5 0.85653228628
17 6 0.842737488743
17 7 0.856184001389
17 8 0.824325065195
17 9 0.840543269161
17 10 0.840542346571
17 11 0.26715335378
17 12 0.817510386678
17 13 0.826138532937
17 14 0.848891571134
17 15 0.88304287214
17 16 0.922082764849
17 17 1.0
17 18 0.836593354979
17 19 0.829291228635
17 20 0.807645082767
17 21 0.852175300368
17 22 0.838686418541
17 23 0.861181558308
17 24 0.852213565379
17 25 0.836587341533
17 26 0.859707757309
17 27 0.856566326486
17 28 0.848809913536
17 29 0.836195902585
17 30 0.704266031067
17 31 0.830288304086
17 32 0.827812849756
17 33 0.354433062996
17 34 0.81866430604
17 35 0.830260783715
17 36 0.849798177446
17 37 0.872953291544
17 38 0.837730777716
17 39 0.843784582774
17 40 0.879814681063
17 41 0.80786603579
17 42 0.864692611857
17 43 0.839172990895
17 44 0.86424044743
17 45 0.853544620422
17 46 0.850140645849
17 47 0.854376017633
17 48 0.885925763884
17 49 0.858065272536
17 50 0.889377533457
17 51 0.868851742117
17 52 0.883499200073
17 53 0.837948188971
17 54 0.81707303175
17 55 0.8629486948
17 56 0.842189002322
17 57 0.87690434429
17 58 0.840689351695
17 59 0.867007471058
17 60 0.865538447251
17 61 0.818642769152
17 62 0.837227912884
17 63 0.824630026617
17 64 0.803307821901
17 65 0.810034175008
17 66 0.852622619851
17 67 0.80705103079
17 68 0.856849096169
17 69 0.844308116221
17 70 0.849048842012
17 71 0.858707041975
17 72 0.859410590574
17 73 0.846919280589
17 74 0.843350687647
17 75 0.874282152964
17 76 0.535401496257
17 77 0.756186406845
17 78 0.834902147833
17 79 0.752639277414
17 80 0.726258956338
17 81 0.83786670088
17 82 0.227905147736
17 83 0.841691223346
17 84 0.849136981157
17 85 0.812956683049
17 86 0.825724496526
17 87 0.849871449009
17 88 0.767941883729
17 89 0.773133842047
17 90 0.79930367979
17 91 0.665191137464
17 92 0.829019430784
17 93 0.863637651171
17 94 0.860235376849
17 95 0.825231633748
17 96 0.864936445745
17 97 0.795944571927
17 98 0.895137083326
17 99 0.830934880741
17 100 0.816457688925
18 1 0.343775306929
18 2 0.842167852678
18 3 0.886057123864
18 4 0.857072108223
18 5 0.879436734241
18 6 0.901399341648
18 7 0.912171756768
18 8 0.871863625872
18 9 0.847890227688
18 10 0.883196778187
18 11 0.292555888727
18 12 0.829846051048
18 13 0.827090328947
18 14 0.824012817652
18 15 0.877569002046
18 16 0.856642003956
18 17 0.836593354979
18 18 1.0
18 19 0.938448125753
18 20 0.83399807098
18 21 0.902749224649
18 22 0.827711819422
18 23 0.819160096397
18 24 0.886957383056
18 25 0.851269751411
18 26 0.91592912295
18 27 0.908732203642
18 28 0.885961956429
18 29 0.838653925342
18 30 0.716889929248
18 31 0.823940724298
18 32 0.841853761874
18 33 0.412445421728
18 34 0.851223050404
18 35 0.838630388549
18 36 0.870889907256
18 37 0.900799367908
18 38 0.884088142797
18 39 0.865698437013
18 40 0.901277938161
18 41 0.812469364248
18 42 0.89539988487
18 43 0.862771321779
18 44 0.847467675337
18 45 0.880783639785
18 46 0.847213560535
18 47 0.893899682272
18 48 0.856333353788
18 49 0.826549811778
18 50 0.901143265
18 51 0.909831466158
18 52 0.905607077082
18 53 0.86436678706
18 54 0.868234214287
18 55 0.921520656174
18 56 0.852181248211
18 57 0.855229040919
18 58 0.8580589386
18 59 0.86021184822
18 60 0.920516135926
18 61 0.842372138873
18 62 0.869904051552
18 63 0.859050243041
18 64 0.886071150832
18 65 0.905108842775
18 66 0.857260394253
18 67 0.777207970674
18 68 0.885780883264
18 69 0.885962116469
18 70 0.916800918837
18 71 0.896941470676
18 72 0.898674466412
18 73 0.903787141172
18 74 0.853055100526
18 75 0.838078655713
18 76 0.537609575011
18 77 0.770999080562
18 78 0.865566531432
18 79 0.753324349344
18 80 0.73290896453
18 81 0.853835970925
18 82 0.2619630522
18 83 0.832309912869
18 84 0.903843825704
18 85 0.858121004757
18 86 0.855945048284
18 87 0.879864451492
18 88 0.778826033952
18 89 0.787105871198
18 90 0.800082827617
18 91 0.675720918868
18 92 0.850380900978
18 93 0.88259059461
18 94 0.828486549596
18 95 0.847761858982
18 96 0.92076568791
18 97 0.81465524239
18 98 0.904932784779
18 99 0.829965776344
18 100 0.800434259538
19 1 0.351209824416
19 2 0.839391900334
19 3 0.89450056171
19 4 0.868689361894
19 5 0.877640317147
19 6 0.88743337584
19 7 0.895244217339
19 8 0.892965405162
19 9 0.851366777318
19 10 0.872029969957
19 11 0.316404104709
19 12 0.847417335209
19 13 0.834024742169
19 14 0.810155594328
19 15 0.871907179296
19 16 0.848959951792
19 17 0.829291228635
19 18 0.938448125753
19 19 1.0
19 20 0.824417211499
19 21 0.886592503485
19 22 0.833070537814
19 23 0.803205097501
19 24 0.891236198991
19 25 0.865259791676
19 26 0.914119658962
19 27 0.923274808192
19 28 0.898026975762
19 29 0.83414766858
19 30 0.714498833875
19 31 0.827466751277
19 32 0.85475349767
19 33 0.42736169529
19 34 0.844918500936
19 35 0.842247064616
19 36 0.896256069038
19 37 0.901068177904
19 38 0.863034424078
19 39 0.892193149249
19 40 0.897390421924
19 41 0.834164307421
19 42 0.904826776497
19 43 0.860059389355
19 44 0.83604266838
19 45 0.908329773574
19 46 0.838497654017
19 47 0.878735399393
19 48 0.853012108092
19 49 0.820870404992
19 50 0.891007209442
19 51 0.897017461813
19 52 0.902767550107
19 53 0.881482886418
19 54 0.884047029979
19 55 0.907524327804
19 56 0.873206739155
19 57 0.865082588263
19 58 0.859812503084
19 59 0.856024137113
19 60 0.918374608811
19 61 0.866969271416
19 62 0.862694399899
19 63 0.857661887881
19 64 0.891260244932
19 65 0.889544661643
19 66 0.88209942123
19 67 0.75886673739
19 68 0.885121259413
19 69 0.881468526628
19 70 0.900234011401
19 71 0.88945380792
19 72 0.916708206505
19 73 0.914626473987
19 74 0.858762838643
19 75 0.823384033135
19 76 0.561605195526
19 77 0.78941150003
19 78 0.857346092225
19 79 0.747171842052
19 80 0.735333301487
19 81 0.886099545453
19 82 0.269856596789
19 83 0.832821207093
19 84 0.907762084021
19 85 0.852231496973
19 86 0.873324078677
19 87 0.877528068987
19 88 0.774265914201
19 89 0.794082482884
19 90 0.798522320276
19 91 0.687834503747
19 92 0.848521291056
19 93 0.888799538202
19 94 0.816550502989
19 95 0.833543434027
19 96 0.918671395027
19 97 0.808431206586
19 98 0.895004643482
19 99 0.829662329628
19 100 0.808239729705
20 1 0.30775818585
20 2 0.832570093073
20 3 0.860856451141
20 4 0.911618578593
20 5 0.914337158645
20 6 0.870387133779
20 7 0.894856888872
20 8 0.878169429377
20 9 0.924765570802
20 10 0.873946074675
20 11 0.269184892422
20 12 0.91883900776
20 13 0.920864094592
20 14 0.909384770623
20 15 0.860263505277
20 16 0.848950896217
20 17 0.807645082767
20 18 0.83399807098
20 19 0.824417211499
20 20 1.0
20 21 0.86069335349
20 22 0.839492211534
20 23 0.801330427939
20 24 0.873417532127
20 25 0.879005865998
20 26 0.869870077509
20 27 0.872620551791
20 28 0.861338248714
20 29 0.886240939828
20 30 0.757527450634
20 31 0.791459761812
20 32 0.782397767309
20 33 0.355143923346
20 34 0.897611720495
20 35 0.862310542261
20 36 0.873185425758
20 37 0.880751610546
20 38 0.889751825494
20 39 0.841473208372
20 40 0.852225289502
20 41 0.806837252743
20 42 0.852895714846
20 43 0.863945054944
20 44 0.885205955999
20 45 0.84650415919
20 46 0.891341931837
20 47 0.871134178102
20 48 0.856166937152
20 49 0.809060799041
20 50 0.841245557617
20 51 0.865418905228
20 52 0.852909634376
20 53 0.878283361827
20 54 0.880632509008
20 55 0.857910088955
20 56 0.865127998692
20 57 0.857138953753
20 58 0.871847799408
20 59 0.894673035376
20 60 0.872394563993
20 61 0.820243940934
20 62 0.866271528382
20 63 0.879119954448
20 64 0.843608867394
20 65 0.846637813482
20 66 0.831171659572
20 67 0.796359471014
20 68 0.851260111283
20 69 0.871767777839
20 70 0.854195073863
20 71 0.864865066874
20 72 0.877693659681
20 73 0.877613343753
20 74 0.86187118602
20 75 0.871785170327
