1 1 1.0
1 2 0.669080033937
1 3 0.752629745888
1 4 0.738876994756
1 5 0.755026023678
1 6 0.737918039176
1 7 0.746429549168
1 8 0.739036168344
1 9 0.718282278818
1 10 0.729445035362
1 11 0.803828524768
1 12 0.707795336894
1 13 0.719751437901
1 14 0.724064368046
1 15 0.737664166787
1 16 0.722962467012
1 17 0.73426741777
1 18 0.747364349372
1 19 0.744655526151
1 20 0.689007489443
1 21 0.732293642148
1 22 0.690581257791
1 23 0.698905370367
1 24 0.723568965251
1 25 0.698865862871
1 26 0.734139582015
1 27 0.721409271494
1 28 0.720933758712
1 29 0.708288071106
1 30 0.458474021226
1 31 0.732715358091
1 32 0.746255388505
1 33 0.851841179686
1 34 0.672352227201
1 35 0.672799919852
1 36 0.705105314736
1 37 0.730477852757
1 38 0.75245594522
1 39 0.750484298323
1 40 0.758731293786
1 41 0.749157451024
1 42 0.746676566304
1 43 0.71972133935
1 44 0.71521267513
1 45 0.723067050134
1 46 0.729210468035
1 47 0.753751011837
1 48 0.728152029807
1 49 0.727649231759
1 50 0.766361437271
1 51 0.750065594137
1 52 0.754256994275
1 53 0.689549209896
1 54 0.697507537301
1 55 0.747572142649
1 56 0.742395412665
1 57 0.764238978995
1 58 0.73671444863
1 59 0.750378255675
1 60 0.783737555516
1 61 0.761872191118
1 62 0.755977020632
1 63 0.754942428204
1 64 0.752147485479
1 65 0.759583883918
1 66 0.745017524192
1 67 0.547250204473
1 68 0.620532896319
1 69 0.710370865191
1 70 0.466042769801
1 71 0.527941040393
1 72 0.720906871791
1 73 0.70325243239
1 74 0.761587618359
1 75 0.752806161761
1 76 0.669249345488
1 77 0.74824449713
1 78 0.477405937313
1 79 0.450351413427
1 80 0.438543349468
1 81 0.382162789803
1 82 0.703443385081
1 83 0.557746399453
1 84 0.487909451254
1 85 0.384622337471
1 86 0.35891932177
1 87 0.389342894602
1 88 0.458037371212
1 89 0.463880381452
1 90 0.272059767119
1 91 0.263330563419
1 92 0.411409026219
1 93 0.441803000775
1 94 0.721248972552
1 95 0.720684464655
1 96 0.730335906062
1 97 0.682965645506
1 98 0.481728856077
1 99 0.450200807593
1 100 0.416659272541
2 1 0.669080033937
2 2 1.0
2 3 0.692284524855
2 4 0.636197890386
2 5 0.672519998675
2 6 0.75130442348
2 7 0.81123468997
2 8 0.759594734869
2 9 0.629749598526
2 10 0.617230812812
2 11 0.80909473476
2 12 0.750421480619
2 13 0.765863255586
2 14 0.61018942743
2 15 0.639331242428
2 16 0.685978780888
2 17 0.704308466827
2 18 0.766875063504
2 19 0.762812068699
2 20 0.732030298316
2 21 0.640247545969
2 22 0.747081046779
2 23 0.774457172273
2 24 0.765645410814
2 25 0.711746176305
2 26 0.610688832209
2 27 0.596029759973
2 28 0.665965365204
2 29 0.659432902602
2 30 0.388216676272
2 31 0.751661586996
2 32 0.731330000789
2 33 0.712169324409
2 34 0.571860359463
2 35 0.562696762699
2 36 0.608076382132
2 37 0.608460439013
2 38 0.696586021867
2 39 0.720364340545
2 40 0.709157737986
2 41 0.684956377912
2 42 0.711470663569
2 43 0.626545309353
2 44 0.599574841829
2 45 0.608312403254
2 46 0.65344950247
2 47 0.667256382542
2 48 0.657121258416
2 49 0.658523131985
2 50 0.675038201446
2 51 0.654490055595
2 52 0.646252644861
2 53 0.606262073981
2 54 0.586579767599
2 55 0.688471835049
2 56 0.72086722264
2 57 0.694127465552
2 58 0.739886826087
2 59 0.724108897153
2 60 0.705120662458
2 61 0.673858772002
2 62 0.724382329336
2 63 0.671581738087
2 64 0.67349278895
2 65 0.708206955764
2 66 0.756865313964
2 67 0.511429589632
2 68 0.540334606
2 69 0.679918670212
2 70 0.378181733831
2 71 0.502998922935
2 72 0.603064016525
2 73 0.576436233301
2 74 0.707238380817
2 75 0.696888462467
2 76 0.698689634538
2 77 0.726578518954
2 78 0.412013721646
2 79 0.432012603431
2 80 0.414745973498
2 81 0.335633254265
2 82 0.585076491929
2 83 0.49503409355
2 84 0.412664708978
2 85 0.30842592341
2 86 0.267207044974
2 87 0.310550693802
2 88 0.410988903996
2 89 0.406388219182
2 90 0.228458136942
2 91 0.231616935205
2 92 0.36015402913
2 93 0.368596162806
2 94 0.729883873351
2 95 0.746387584586
2 96 0.735081052229
2 97 0.667480377339
2 98 0.40660682288
2 99 0.405119544185
2 100 0.372045260936
3 1 0.752629745888
3 2 0.692284524855
3 3 1.0
3 4 0.79826252046
3 5 0.82632345324
3 6 0.795668959822
3 7 0.800369829274
3 8 0.798262009929
3 9 0.807086651057
3 10 0.822039865395
3 11 0.731256357446
3 12 0.777048751572
3 13 0.771483437648
3 14 0.805353523733
3 15 0.823578938839
3 16 0.736125980311
3 17 0.734599009739
3 18 0.816143923623
3 19 0.800721181389
3 20 0.793410805642
3 21 0.784591325298
3 22 0.698203852123
3 23 0.69883343408
3 24 0.740688793383
3 25 0.721173906647
3 26 0.795734800593
3 27 0.778576166055
3 28 0.842662357748
3 29 0.833937016542
3 30 0.548585387729
3 31 0.744891598692
3 32 0.72852407501
3 33 0.772175734074
3 34 0.807000549282
3 35 0.791807206594
3 36 0.822822972539
3 37 0.803032025504
3 38 0.830923006449
3 39 0.79786534875
3 40 0.806774176302
3 41 0.805342149797
3 42 0.807608097292
3 43 0.819469854104
3 44 0.773055934976
3 45 0.794921248313
3 46 0.812042632605
3 47 0.83671468883
3 48 0.803704612782
3 49 0.795585621175
3 50 0.826892618758
3 51 0.809679298968
3 52 0.81376167498
3 53 0.778997008119
3 54 0.756721958105
3 55 0.7738163272
3 56 0.838071840219
3 57 0.808371451102
3 58 0.826214192121
3 59 0.843611436036
3 60 0.798966761738
3 61 0.826378415862
3 62 0.814360542661
3 63 0.796399784423
3 64 0.817506950032
3 65 0.821471429617
3 66 0.825205701953
3 67 0.670266155684
3 68 0.74850685593
3 69 0.825998302581
3 70 0.602456489257
3 71 0.696962336421
3 72 0.800232014847
3 73 0.79602102241
3 74 0.805617709003
3 75 0.812379373823
3 76 0.702663510327
3 77 0.764464166271
3 78 0.578551010559
3 79 0.59318605265
3 80 0.585995610553
3 81 0.491968320144
3 82 0.677518915259
3 83 0.660124702752
3 84 0.589854246196
3 85 0.480363698626
3 86 0.411789357073
3 87 0.454309222929
3 88 0.547752195011
3 89 0.553023800939
3 90 0.315255712768
3 91 0.334166898233
3 92 0.5028378293
3 93 0.536252331818
3 94 0.76406862866
3 95 0.783627087094
3 96 0.761109904489
3 97 0.731044983714
3 98 0.562457038993
3 99 0.566009518131
3 100 0.537349951386
4 1 0.738876994756
4 2 0.636197890386
4 3 0.79826252046
4 4 1.0
4 5 0.919077288765
4 6 0.786434280123
4 7 0.778670697139
4 8 0.783488951848
4 9 0.886881594748
4 10 0.875957933733
4 11 0.674770354912
4 12 0.778152246799
4 13 0.755729128051
4 14 0.871836570812
4 15 0.872047181316
4 16 0.815960712297
4 17 0.794683827981
4 18 0.781601879282
4 19 0.810760423831
4 20 0.759932800393
4 21 0.89208762028
4 22 0.690195901634
4 23 0.682723592884
4 24 0.714747575089
4 25 0.721426715951
4 26 0.877955452031
4 27 0.886918063152
4 28 0.861515408935
4 29 0.847289548489
4 30 0.591641173379
4 31 0.783270191725
4 32 0.784349258019
4 33 0.762723216727
4 34 0.863359535837
4 35 0.840469886215
4 36 0.85611913442
4 37 0.866614831318
4 38 0.881078576785
4 39 0.864818563301
4 40 0.847167179785
4 41 0.845588760237
4 42 0.836807893512
4 43 0.868561308819
4 44 0.873943822085
4 45 0.896402658921
4 46 0.896186230649
4 47 0.899277757415
4 48 0.856109182506
4 49 0.862103850274
4 50 0.890524531209
4 51 0.886096070758
4 52 0.87950351188
4 53 0.852396217569
4 54 0.856009929394
4 55 0.855930306251
4 56 0.879208556045
4 57 0.84335950596
4 58 0.869080256862
4 59 0.871584942786
4 60 0.860264569231
4 61 0.885959376062
4 62 0.853722144259
4 63 0.858677014584
4 64 0.892973751801
4 65 0.877635053369
4 66 0.810435917354
4 67 0.682553803678
4 68 0.733978331884
4 69 0.773109237517
4 70 0.601063999761
4 71 0.685715299621
4 72 0.885815993125
4 73 0.87372416053
4 74 0.90061897968
4 75 0.882064396706
4 76 0.779052360507
4 77 0.804684176639
4 78 0.605806940646
4 79 0.607015413965
4 80 0.612177001403
4 81 0.51706364788
4 82 0.663517798995
4 83 0.673381105792
4 84 0.62002012705
4 85 0.514414816574
4 86 0.471899263532
4 87 0.505994380985
4 88 0.580940243532
4 89 0.581790606934
4 90 0.354904685598
4 91 0.351819692476
4 92 0.537435532529
4 93 0.563085374269
4 94 0.759630228808
4 95 0.769790735641
4 96 0.766323125634
4 97 0.743717148159
4 98 0.567866668341
4 99 0.585142730259
4 100 0.557765867262
5 1 0.755026023678
5 2 0.672519998675
5 3 0.82632345324
5 4 0.919077288765
5 5 1.0
5 6 0.794718105281
5 7 0.809259356944
5 8 0.805500638144
5 9 0.903865688193
5 10 0.901953780804
5 11 0.70988441926
5 12 0.772609603561
5 13 0.790573425051
5 14 0.870999130252
5 15 0.888358918277
5 16 0.833821954198
5 17 0.82163852137
5 18 0.811852200227
5 19 0.817195877899
5 20 0.773240011502
5 21 0.886504554334
5 22 0.726218708402
5 23 0.711864793327
5 24 0.744182989988
5 25 0.715493998749
5 26 0.892256796646
5 27 0.885182411383
5 28 0.868955085455
5 29 0.870216221459
5 30 0.608970153
5 31 0.81888554139
5 32 0.792521568348
5 33 0.777497396343
5 34 0.871664956766
5 35 0.862832248775
5 36 0.88539147058
5 37 0.876587377698
5 38 0.898329839858
5 39 0.881300688625
5 40 0.875613576569
5 41 0.846759642359
5 42 0.84317068509
5 43 0.890534436301
5 44 0.904522484502
5 45 0.905080048865
5 46 0.914401149052
5 47 0.918718702792
5 48 0.874251489427
5 49 0.89002516937
5 50 0.905899892482
5 51 0.902734528889
5 52 0.901959790294
5 53 0.84997625365
5 54 0.855761455622
5 55 0.87370147015
5 56 0.875246777074
5 57 0.861655053001
5 58 0.86106993944
5 59 0.892602731996
5 60 0.892113115492
5 61 0.90412926364
5 62 0.859618979407
5 63 0.856668432988
5 64 0.912249204357
5 65 0.90829271162
5 66 0.845861700931
5 67 0.712218432671
5 68 0.758210116017
5 69 0.797150196096
5 70 0.614308061623
5 71 0.696627298291
5 72 0.875713145984
5 73 0.872354344339
5 74 0.897546977733
5 75 0.905171399989
5 76 0.793724378906
5 77 0.826456394198
5 78 0.6200955771
5 79 0.616329585134
5 80 0.618054247564
5 81 0.532289550739
5 82 0.681466259381
5 83 0.688731777958
5 84 0.632606232159
5 85 0.52149477366
5 86 0.464240213329
5 87 0.515944920332
5 88 0.594355182606
5 89 0.592157551377
5 90 0.360301215106
5 91 0.358100052538
5 92 0.543105008457
5 93 0.57513828158
5 94 0.776783634808
5 95 0.809808001276
5 96 0.784657976299
5 97 0.737068919656
5 98 0.584564236406
5 99 0.596836720307
5 100 0.569069528327
6 1 0.737918039176
6 2 0.75130442348
6 3 0.795668959822
6 4 0.786434280123
6 5 0.794718105281
6 6 1.0
6 7 0.845505159742
6 8 0.857725683415
6 9 0.765884994337
6 10 0.797099591416
6 11 0.804859306262
6 12 0.798998169936
6 13 0.812084264412
6 14 0.744202491957
6 15 0.778673726552
6 16 0.770532549253
6 17 0.749144394898
6 18 0.83843580752
6 19 0.839328427792
6 20 0.795742476548
6 21 0.759778706523
6 22 0.751679271809
6 23 0.754803932144
6 24 0.818938986997
6 25 0.806911981969
6 26 0.757385886588
6 27 0.740720016172
6 28 0.809848553464
6 29 0.783596022947
6 30 0.49679880275
6 31 0.810460887765
6 32 0.773517218574
6 33 0.774888437141
6 34 0.736663628566
6 35 0.72231876598
6 36 0.751837733106
6 37 0.740509925509
6 38 0.824913117527
6 39 0.778418895283
6 40 0.823578830958
6 41 0.803572460966
6 42 0.809515032491
6 43 0.76043415986
6 44 0.754953838187
6 45 0.778025246624
6 46 0.791021263512
6 47 0.806452725229
6 48 0.77944822676
6 49 0.77413991168
6 50 0.795587528365
6 51 0.794193827457
6 52 0.786874515656
6 53 0.731238018035
6 54 0.725025049179
6 55 0.780425407329
6 56 0.835294864375
6 57 0.79199312205
6 58 0.826084814248
6 59 0.820446966639
6 60 0.808704916344
6 61 0.798993028082
6 62 0.807956477569
6 63 0.79572870005
6 64 0.81253250402
6 65 0.837518958427
6 66 0.842423535938
6 67 0.613776375347
6 68 0.678275065679
6 69 0.784432753763
6 70 0.504120220767
6 71 0.626633176293
6 72 0.734750554856
6 73 0.715667083688
6 74 0.822955201329
6 75 0.815880016006
6 76 0.758985373896
6 77 0.808833485436
6 78 0.502142297978
6 79 0.516244606675
6 80 0.513870293037
6 81 0.421382442331
6 82 0.630483157583
6 83 0.585928466619
6 84 0.513553730914
6 85 0.403817570632
6 86 0.341556010969
6 87 0.388431927046
6 88 0.501220147525
6 89 0.494284290756
6 90 0.291080381202
6 91 0.273308020722
6 92 0.43860881273
6 93 0.4634650052
6 94 0.81225929981
6 95 0.819159292117
6 96 0.818688690578
6 97 0.782368255552
6 98 0.493023018347
6 99 0.497578740983
6 100 0.465652349522
7 1 0.746429549168
7 2 0.81123468997
7 3 0.800369829274
7 4 0.778670697139
7 5 0.809259356944
7 6 0.845505159742
7 7 1.0
7 8 0.880846386483
7 9 0.755158947764
7 10 0.771518932786
7 11 0.841843833587
7 12 0.808248709171
7 13 0.83528830151
7 14 0.742535672644
7 15 0.767743412671
7 16 0.749662387013
7 17 0.754006746772
7 18 0.845887972322
7 19 0.854337182029
7 20 0.801495899086
7 21 0.755772184023
7 22 0.785770339226
7 23 0.772820414329
7 24 0.834966176682
7 25 0.795312609602
7 26 0.747605619511
7 27 0.733484387906
7 28 0.790996008744
7 29 0.787459901228
7 30 0.491184035162
7 31 0.825724505883
7 32 0.806801163311
7 33 0.788270625546
7 34 0.732446003607
7 35 0.709319324352
7 36 0.738047651148
7 37 0.72693684669
7 38 0.826260047181
7 39 0.799359826876
7 40 0.821573784454
7 41 0.806130793194
7 42 0.802264489027
7 43 0.76187880156
7 44 0.736205995626
7 45 0.770878874562
7 46 0.785530134523
7 47 0.815685641241
7 48 0.763937071603
7 49 0.772765799703
7 50 0.792907633423
7 51 0.787600745794
7 52 0.778189675714
7 53 0.732272576019
7 54 0.718141950897
7 55 0.784410459476
7 56 0.847259834569
7 57 0.787034214082
7 58 0.837402761945
7 59 0.845806525488
7 60 0.82216529078
7 61 0.799168804454
7 62 0.831784952596
7 63 0.797919080661
7 64 0.816264043106
7 65 0.83660419116
7 66 0.870563802341
7 67 0.584256621116
7 68 0.657421448461
7 69 0.757784852634
7 70 0.488557137477
7 71 0.599464978741
7 72 0.733866760283
7 73 0.713468615252
7 74 0.845864174089
7 75 0.815327042278
7 76 0.756187441381
7 77 0.810726137586
7 78 0.493407360841
7 79 0.50038333551
7 80 0.494458823991
7 81 0.4069026483
7 82 0.640978532203
7 83 0.568232276821
7 84 0.504123587511
7 85 0.383517298074
7 86 0.321080239282
7 87 0.377517060302
7 88 0.485733643928
7 89 0.48851965676
7 90 0.269007440185
7 91 0.267747973593
7 92 0.432235654352
7 93 0.450550723263
7 94 0.823787325978
7 95 0.851799308565
7 96 0.826451563432
7 97 0.770891138837
7 98 0.480038527736
7 99 0.483432847915
7 100 0.449397764899
8 1 0.739036168344
8 2 0.759594734869
8 3 0.798262009929
8 4 0.783488951848
8 5 0.805500638144
8 6 0.857725683415
8 7 0.880846386483
8 8 1.0
8 9 0.761061694361
8 10 0.778555850069
8 11 0.826184713693
8 12 0.834100982538
8 13 0.847065853418
8 14 0.738938445817
8 15 0.774045562773
8 16 0.74983651109
8 17 0.785469963497
8 18 0.851853292002
8 19 0.85786781821
8 20 0.790998657985
8 21 0.76661119969
8 22 0.781717481367
8 23 0.760914593103
8 24 0.81952598548
8 25 0.818211971235
8 26 0.748213596133
8 27 0.746650950178
8 28 0.810644469209
8 29 0.794407874557
8 30 0.49049594655
8 31 0.826337028987
8 32 0.792282654974
8 33 0.78962390183
8 34 0.731701210656
8 35 0.708403901684
8 36 0.745387258487
8 37 0.748861718824
8 38 0.838122715396
8 39 0.809862471135
8 40 0.826335621361
8 41 0.817863916674
8 42 0.837553816505
8 43 0.756621875279
8 44 0.745546810553
8 45 0.76615581408
8 46 0.787140927434
8 47 0.802050269946
8 48 0.771351805727
8 49 0.768500909286
8 50 0.801878057132
8 51 0.789533200678
8 52 0.781184859402
8 53 0.738476859216
8 54 0.734217559668
8 55 0.790720110987
8 56 0.850317122536
8 57 0.799150340791
8 58 0.846098752803
8 59 0.844994409443
8 60 0.819877528977
8 61 0.807294362561
8 62 0.82318960622
8 63 0.8084392829
8 64 0.833177703441
8 65 0.839245027023
8 66 0.872579017514
8 67 0.599790463765
8 68 0.662678004592
8 69 0.779090438572
8 70 0.494594535796
8 71 0.608456360036
8 72 0.746223164053
8 73 0.724541255624
8 74 0.845184132466
8 75 0.812362040655
8 76 0.758610156469
8 77 0.821318321022
8 78 0.502378106935
8 79 0.510370663564
8 80 0.505430189202
8 81 0.416949592805
8 82 0.656560272274
8 83 0.585622448324
8 84 0.507009866832
8 85 0.39604153321
8 86 0.335260611118
8 87 0.38799481063
8 88 0.494354671902
8 89 0.495365356307
8 90 0.271814130475
8 91 0.260310713076
8 92 0.438009098537
8 93 0.458130319961
8 94 0.837736104055
8 95 0.848264927338
8 96 0.848736783526
8 97 0.790563137262
8 98 0.487845306982
8 99 0.486617229668
8 100 0.461815237637
9 1 0.718282278818
9 2 0.629749598526
9 3 0.807086651057
9 4 0.886881594748
9 5 0.903865688193
9 6 0.765884994337
9 7 0.755158947764
9 8 0.761061694361
9 9 1.0
9 10 0.88143324469
9 11 0.646742470156
9 12 0.742400834876
9 13 0.758039425303
9 14 0.873509145498
9 15 0.873465039204
9 16 0.792279066927
9 17 0.775347276199
9 18 0.772225212811
9 19 0.765765567531
9 20 0.761369218565
9 21 0.877285991849
9 22 0.689146664719
9 23 0.658285844244
9 24 0.704603297659
9 25 0.685755319233
9 26 0.877942577596
9 27 0.864989323581
9 28 0.847817707816
9 29 0.872597307636
9 30 0.628243584504
9 31 0.765060017619
9 32 0.738032224376
9 33 0.74631309831
9 34 0.884283045847
9 35 0.875677145552
9 36 0.874590309422
9 37 0.86370252324
9 38 0.866859882828
9 39 0.848104205051
9 40 0.841476381243
9 41 0.807702842202
9 42 0.828183145901
9 43 0.871131242641
9 44 0.891373066135
9 45 0.875212532216
9 46 0.906985982635
9 47 0.886630328748
9 48 0.860494699921
9 49 0.873838838813
9 50 0.895113447661
9 51 0.886562686249
9 52 0.882626301494
9 53 0.85054343912
9 54 0.841232563531
9 55 0.830763049896
9 56 0.843436615776
9 57 0.86117732817
9 58 0.843816165108
9 59 0.859081429616
9 60 0.848025076852
9 61 0.883163921326
9 62 0.828752602177
9 63 0.824924556817
9 64 0.86368724384
9 65 0.853917798127
9 66 0.797826003488
9 67 0.752810825074
9 68 0.775031798206
9 69 0.805561382606
9 70 0.662274049977
9 71 0.725779826467
9 72 0.861852456509
9 73 0.860679524506
9 74 0.857473692461
9 75 0.877340419618
9 76 0.772776024038
9 77 0.797846347196
9 78 0.662972082858
9 79 0.648078319525
9 80 0.65072802216
9 81 0.593741020406
9 82 0.67179609831
9 83 0.718753604232
9 84 0.661474725466
9 85 0.558113052361
9 86 0.509621734888
9 87 0.550741036072
9 88 0.628125375615
9 89 0.634528736574
9 90 0.401608876643
9 91 0.386505162279
9 92 0.595608968695
9 93 0.609790648275
9 94 0.755061890242
9 95 0.76239903364
9 96 0.753293423923
9 97 0.722713993246
9 98 0.613086496942
9 99 0.633549593704
9 100 0.606584579837
10 1 0.729445035362
10 2 0.617230812812
10 3 0.822039865395
10 4 0.875957933733
10 5 0.901953780804
10 6 0.797099591416
10 7 0.771518932786
10 8 0.778555850069
10 9 0.88143324469
10 10 1.0
10 11 0.661634612295
10 12 0.742074966636
10 13 0.74067068381
10 14 0.859513133278
10 15 0.895921132946
10 16 0.802979892751
10 17 0.780243696023
10 18 0.800800645219
10 19 0.800746375774
10 20 0.730553589266
10 21 0.874038645897
10 22 0.684887201312
10 23 0.67037008958
10 24 0.702757375436
10 25 0.679929603336
10 26 0.893202018409
10 27 0.887222237136
10 28 0.874721787075
10 29 0.854947257839
10 30 0.643737644896
10 31 0.769465182209
10 32 0.7675134834
10 33 0.749731495845
10 34 0.873005827328
10 35 0.858808458348
10 36 0.876902360494
10 37 0.879739288005
10 38 0.891650350125
10 39 0.848734357869
10 40 0.870575746471
10 41 0.835307732339
10 42 0.843796102608
10 43 0.884251797257
10 44 0.87548025146
10 45 0.899931689697
10 46 0.875404837541
10 47 0.90148691307
10 48 0.862364377181
10 49 0.857597282409
10 50 0.908103563422
10 51 0.904088709041
10 52 0.885328275034
10 53 0.857871133908
10 54 0.842183864018
10 55 0.836268862493
10 56 0.854568396566
10 57 0.845001737938
10 58 0.841431064545
10 59 0.854242510849
10 60 0.863341273197
10 61 0.898614540532
10 62 0.841644428982
10 63 0.850546129327
10 64 0.878762626437
10 65 0.889386157928
10 66 0.807232700186
10 67 0.731843296345
10 68 0.791627509977
10 69 0.810243574502
10 70 0.678068715183
10 71 0.731067647231
10 72 0.873454975346
10 73 0.875416038854
10 74 0.86662873716
10 75 0.856094138458
10 76 0.759350267002
10 77 0.802402928867
10 78 0.652540388456
10 79 0.656957231717
10 80 0.663085294718
10 81 0.566994804605
10 82 0.66878168174
10 83 0.715517714559
10 84 0.673722079405
10 85 0.564551506634
10 86 0.515053282461
10 87 0.559875229632
10 88 0.630014856224
10 89 0.631931121156
10 90 0.405452190193
10 91 0.389830642539
10 92 0.588773985581
10 93 0.620527722984
10 94 0.734940725071
10 95 0.755443658737
10 96 0.753177143186
10 97 0.715799006785
10 98 0.632142820037
10 99 0.636674845113
10 100 0.613563610215
11 1 0.803828524768
11 2 0.80909473476
11 3 0.731256357446
11 4 0.674770354912
11 5 0.70988441926
11 6 0.804859306262
11 7 0.841843833587
11 8 0.826184713693
11 9 0.646742470156
11 10 0.661634612295
11 11 1.0
11 12 0.785727606847
11 13 0.818509074596
11 14 0.644823675935
11 15 0.665504390427
11 16 0.705956866784
11 17 0.753099136246
11 18 0.807119356813
11 19 0.807784866498
11 20 0.76191168599
11 21 0.660590997788
11 22 0.794240473143
11 23 0.810992799808
11 24 0.829480761562
11 25 0.81200824433
11 26 0.642062534399
11 27 0.636482482056
11 28 0.677994572237
11 29 0.671855379073
11 30 0.418073372988
11 31 0.81558200368
11 32 0.795955042548
11 33 0.864292041366
11 34 0.5951177587
11 35 0.568565007551
11 36 0.621918130983
11 37 0.637925542833
11 38 0.733338093837
11 39 0.748902989802
11 40 0.771510129206
11 41 0.749527811679
11 42 0.759527777778
11 43 0.656056127572
11 44 0.646536730899
11 45 0.654274532268
11 46 0.680893958062
11 47 0.707463147933
11 48 0.681004386195
11 49 0.680560286395
11 50 0.707650049208
11 51 0.687159294252
11 52 0.695129428425
11 53 0.617187082539
11 54 0.619550307093
11 55 0.719946508989
11 56 0.759155027525
11 57 0.737773002905
11 58 0.766023286855
11 59 0.77677266765
11 60 0.757124386562
11 61 0.709589597905
11 62 0.762668918359
11 63 0.730505695796
11 64 0.731359753865
11 65 0.753278474413
11 66 0.821318045622
11 67 0.49236328406
11 68 0.530794851352
11 69 0.701130389885
11 70 0.364008687146
11 71 0.486483908682
11 72 0.623911044513
11 73 0.59348620449
11 74 0.770698164076
11 75 0.756144316991
11 76 0.723210385871
11 77 0.795966033239
11 78 0.391421882791
11 79 0.409495210547
11 80 0.397407139355
11 81 0.292904235063
11 82 0.69392414657
11 83 0.481358671968
11 84 0.396588991049
11 85 0.304119417453
11 86 0.237675732139
11 87 0.292292836666
11 88 0.390889367072
11 89 0.384035314567
11 90 0.20426642653
11 91 0.215014414598
11 92 0.340622568975
11 93 0.349384454979
11 94 0.806128401685
11 95 0.807791384363
11 96 0.805669704239
11 97 0.742379429414
11 98 0.396021865793
11 99 0.378170502085
11 100 0.349066898432
12 1 0.707795336894
12 2 0.750421480619
12 3 0.777048751572
12 4 0.778152246799
12 5 0.772609603561
12 6 0.798998169936
12 7 0.808248709171
12 8 0.834100982538
12 9 0.742400834876
12 10 0.742074966636
12 11 0.785727606847
12 12 1.0
12 13 0.810064309427
12 14 0.746267178981
12 15 0.751617678837
12 16 0.714574517243
12 17 0.759517475072
12 18 0.802620529823
12 19 0.803950304539
12 20 0.820113954284
12 21 0.759955625957
12 22 0.747232804882
12 23 0.768822286332
12 24 0.781176876935
12 25 0.781624449777
12 26 0.716497781459
12 27 0.73521334374
12 28 0.752464371347
12 29 0.780368379289
12 30 0.485290180397
12 31 0.783139484123
12 32 0.765032166561
12 33 0.753197367462
12 34 0.712378080672
12 35 0.671676606578
12 36 0.70794842303
12 37 0.721510669242
12 38 0.794849499314
12 39 0.752316309846
12 40 0.788498159039
12 41 0.779022661043
12 42 0.79025184857
12 43 0.730731951408
12 44 0.736183147315
12 45 0.729006919941
12 46 0.771209326651
12 47 0.772235991469
12 48 0.748578149619
12 49 0.74669641512
12 50 0.749799051972
12 51 0.749417637618
12 52 0.732772779511
12 53 0.751157074878
12 54 0.737839650992
12 55 0.760738253906
12 56 0.817042968682
12 57 0.763263632245
12 58 0.835996799412
12 59 0.824108036106
12 60 0.769478272205
12 61 0.767600661147
12 62 0.798489711474
12 63 0.78624622889
12 64 0.783005191469
12 65 0.786946563602
12 66 0.817296453916
12 67 0.574998916957
12 68 0.614487937889
12 69 0.751525843685
12 70 0.465778718464
12 71 0.574501290856
12 72 0.7296691692
12 73 0.69903805891
12 74 0.824666439523
12 75 0.791117517453
12 76 0.724167534988
12 77 0.78712311587
12 78 0.495685903275
12 79 0.48615118566
12 80 0.475984461119
12 81 0.381130448764
12 82 0.62027890564
12 83 0.54178354396
12 84 0.490906718716
12 85 0.370442392063
12 86 0.32124076424
12 87 0.361337389112
12 88 0.465121694405
12 89 0.465372392699
12 90 0.274689199862
12 91 0.246070295631
12 92 0.431796799808
12 93 0.427558160355
12 94 0.801843905968
12 95 0.796251662564
12 96 0.778266768128
12 97 0.781645197794
12 98 0.462194547275
12 99 0.46393840248
12 100 0.427053645576
13 1 0.719751437901
13 2 0.765863255586
13 3 0.771483437648
13 4 0.755729128051
13 5 0.790573425051
13 6 0.812084264412
13 7 0.83528830151
13 8 0.847065853418
13 9 0.758039425303
13 10 0.74067068381
13 11 0.818509074596
13 12 0.810064309427
13 13 1.0
13 14 0.728132099266
13 15 0.736606829274
13 16 0.733213603345
13 17 0.760185459525
13 18 0.812122256674
13 19 0.821662970827
13 20 0.825664279122
13 21 0.726336747808
13 22 0.797575663421
13 23 0.751911007245
13 24 0.793068117442
13 25 0.782746854611
13 26 0.718975664472
13 27 0.700626846947
13 28 0.758021421789
13 29 0.792806004162
13 30 0.475330534707
13 31 0.796819803003
13 32 0.746221405767
13 33 0.77163485011
13 34 0.722634377234
13 35 0.703801107916
13 36 0.719560574309
13 37 0.692283706411
13 38 0.800505439529
13 39 0.768966926011
13 40 0.797118606361
13 41 0.781499758869
13 42 0.793969558133
13 43 0.745199114718
13 44 0.755725610844
13 45 0.7257455635
13 46 0.776278579635
13 47 0.763721956998
13 48 0.740006290723
13 49 0.77671569999
13 50 0.762103309257
13 51 0.770875533332
13 52 0.758423535805
13 53 0.715829819249
13 54 0.690114464604
13 55 0.749108913501
13 56 0.807783154024
13 57 0.777900524772
13 58 0.799997854261
13 59 0.832936967967
13 60 0.790453095571
13 61 0.77060728937
13 62 0.803606522908
13 63 0.760278550382
13 64 0.78238172305
13 65 0.799295782546
13 66 0.843147776006
13 67 0.603005503603
13 68 0.618966464931
13 69 0.737774436852
13 70 0.469393322245
13 71 0.585618339869
13 72 0.698183327606
13 73 0.682891631275
13 74 0.807380218295
13 75 0.829431075423
13 76 0.738003585869
13 77 0.796949564693
13 78 0.503411227525
13 79 0.488946835729
13 80 0.485607923391
13 81 0.415860483138
13 82 0.623943645656
13 83 0.558894846891
13 84 0.492211647604
13 85 0.38079895372
13 86 0.307942790309
13 87 0.370678277148
13 88 0.471370868209
13 89 0.476956898305
13 90 0.279639916988
13 91 0.258182925359
13 92 0.429969653711
13 93 0.443803320544
13 94 0.848626789903
13 95 0.874227150306
13 96 0.803719549625
13 97 0.767587756528
13 98 0.47423499276
13 99 0.465470641615
13 100 0.438029267018
14 1 0.724064368046
14 2 0.61018942743
14 3 0.805353523733
14 4 0.871836570812
14 5 0.870999130252
14 6 0.744202491957
14 7 0.742535672644
14 8 0.738938445817
14 9 0.873509145498
14 10 0.859513133278
14 11 0.644823675935
14 12 0.746267178981
14 13 0.728132099266
14 14 1.0
14 15 0.873702147075
14 16 0.778628117803
14 17 0.756710522734
14 18 0.748823434444
14 19 0.757698004467
14 20 0.757836914819
14 21 0.855635713521
14 22 0.667549409139
14 23 0.654448394154
14 24 0.685806064263
14 25 0.664729937388
14 26 0.848978878365
14 27 0.847042944719
14 28 0.848660381025
14 29 0.850975610066
14 30 0.628877109533
14 31 0.729826488512
14 32 0.722201695478
14 33 0.7472300108
14 34 0.855458162398
14 35 0.848124579176
14 36 0.858990017663
14 37 0.837884898234
14 38 0.844763332293
14 39 0.839795250229
14 40 0.827793988554
14 41 0.794217299453
14 42 0.806595387966
14 43 0.853992831875
14 44 0.861964490221
14 45 0.850816859954
14 46 0.868950420023
14 47 0.868537791946
14 48 0.842692422401
14 49 0.835336832293
14 50 0.860196064349
14 51 0.851034347794
14 52 0.857408195538
14 53 0.866629221238
14 54 0.856243842352
14 55 0.817297866341
14 56 0.839980780537
14 57 0.827525324576
14 58 0.84411798672
14 59 0.838013046618
14 60 0.82120299385
14 61 0.870432842414
14 62 0.805158752122
14 63 0.821247672527
14 64 0.841082992486
14 65 0.837014530677
14 66 0.76984406856
14 67 0.718036205489
14 68 0.768600973414
14 69 0.799875694575
14 70 0.65224193566
14 71 0.682699326022
14 72 0.854910898662
14 73 0.851266275474
14 74 0.846053990505
14 75 0.844293664537
14 76 0.713509441787
14 77 0.75127311433
14 78 0.647481441402
14 79 0.636235150057
14 80 0.638498180442
14 81 0.583904666297
14 82 0.677774007114
14 83 0.721864979185
14 84 0.659125424505
14 85 0.552668007352
14 86 0.508939868254
14 87 0.554518087919
14 88 0.609991823116
14 89 0.61430696544
14 90 0.400173171344
14 91 0.411128382259
14 92 0.581220256008
14 93 0.599429122541
14 94 0.717142138326
14 95 0.72512787785
14 96 0.716884900554
14 97 0.722135347685
14 98 0.616003014888
14 99 0.618470703597
14 100 0.597854582965
15 1 0.737664166787
15 2 0.639331242428
15 3 0.823578938839
15 4 0.872047181316
15 5 0.888358918277
15 6 0.778673726552
15 7 0.767743412671
15 8 0.774045562773
15 9 0.873465039204
15 10 0.895921132946
15 11 0.665504390427
15 12 0.751617678837
15 13 0.736606829274
15 14 0.873702147075
15 15 1.0
15 16 0.806714534152
15 17 0.779826519735
15 18 0.788822255259
15 19 0.799361931
15 20 0.735745819332
15 21 0.865387432652
15 22 0.678289658038
15 23 0.67998430417
15 24 0.716867403065
15 25 0.68152016212
15 26 0.881412394411
15 27 0.882976170281
15 28 0.875459984883
15 29 0.855332479378
15 30 0.639526441698
15 31 0.76902161443
15 32 0.744026332576
15 33 0.768969157073
15 34 0.860712084535
15 35 0.849070206785
15 36 0.869329051509
15 37 0.893910374928
15 38 0.876193083322
15 39 0.844179922975
15 40 0.855312056545
15 41 0.833220199078
15 42 0.829094445336
15 43 0.887321590669
15 44 0.864832432454
15 45 0.88433103046
15 46 0.868419854059
15 47 0.888664765166
15 48 0.868191116484
15 49 0.861111578525
15 50 0.883463567664
15 51 0.895452342962
15 52 0.895845262793
15 53 0.861676334668
15 54 0.848809097829
15 55 0.848935729984
15 56 0.862902633788
15 57 0.838819075719
15 58 0.852306275569
15 59 0.856521140456
15 60 0.862552225187
15 61 0.90160229345
15 62 0.837507300563
15 63 0.844649979071
15 64 0.878696345227
15 65 0.877327020897
15 66 0.803061849384
15 67 0.738523859121
15 68 0.797609905904
15 69 0.818211289375
15 70 0.662534934596
15 71 0.720681886458
15 72 0.873817678421
15 73 0.860291260712
15 74 0.85326099064
15 75 0.851350590103
15 76 0.757455104039
15 77 0.786120532199
15 78 0.644181247168
15 79 0.655913239966
15 80 0.662767878118
15 81 0.552089566634
15 82 0.68461235868
15 83 0.726454760814
15 84 0.666097307036
15 85 0.561293051011
15 86 0.513156646811
15 87 0.550783649886
15 88 0.625670754688
15 89 0.628973605732
15 90 0.389015613946
15 91 0.384982153791
15 92 0.580458929512
15 93 0.606303073561
15 94 0.743867518965
15 95 0.754176527438
15 96 0.764772322918
15 97 0.744451062391
15 98 0.62939316542
15 99 0.632909655932
15 100 0.605851407115
16 1 0.722962467012
16 2 0.685978780888
16 3 0.736125980311
16 4 0.815960712297
16 5 0.833821954198
16 6 0.770532549253
16 7 0.749662387013
16 8 0.74983651109
16 9 0.792279066927
16 10 0.802979892751
16 11 0.705956866784
16 12 0.714574517243
16 13 0.733213603345
16 14 0.778628117803
16 15 0.806714534152
16 16 1.0
16 17 0.848671647005
16 18 0.75497710961
16 19 0.770083202646
16 20 0.702074088617
16 21 0.803237397566
16 22 0.697193242526
16 23 0.756783222653
16 24 0.722950119332
16 25 0.68565509214
16 26 0.813983065981
16 27 0.802626235998
16 28 0.782470292198
16 29 0.770611074494
16 30 0.499966373001
16 31 0.794039548861
16 32 0.775965212119
16 33 0.743103851674
16 34 0.757699657666
16 35 0.773571417011
16 36 0.803530513501
16 37 0.805709168323
16 38 0.81327126067
16 39 0.829094356959
16 40 0.830681156229
16 41 0.774075805849
16 42 0.792589093621
16 43 0.789396482924
16 44 0.812486829858
16 45 0.810249184704
16 46 0.807963958023
16 47 0.8246931156
16 48 0.841923592296
16 49 0.830485711074
16 50 0.839242019777
16 51 0.8331252623
16 52 0.840858323772
16 53 0.769342775669
16 54 0.783836206769
16 55 0.839886348844
16 56 0.802997086922
16 57 0.840400839829
16 58 0.795976338252
16 59 0.817943148431
16 60 0.84353123508
16 61 0.843502422378
16 62 0.793532328171
16 63 0.784122388834
16 64 0.836735474456
16 65 0.831518379682
16 66 0.779629878039
16 67 0.637587390633
16 68 0.653991446939
16 69 0.729961648741
16 70 0.516885689643
16 71 0.605137094372
16 72 0.789901365531
16 73 0.780781430107
16 74 0.826566850894
16 75 0.826025856346
16 76 0.771128001007
16 77 0.780072627785
16 78 0.513867938661
16 79 0.518793885996
16 80 0.531589668201
16 81 0.415669622596
16 82 0.626633423526
16 83 0.615322524406
16 84 0.518348210112
16 85 0.438757661113
16 86 0.379115397005
16 87 0.427506059717
16 88 0.511205611603
16 89 0.505821462543
16 90 0.304972581903
16 91 0.292488402185
16 92 0.436774450124
16 93 0.482702439222
16 94 0.724036323642
16 95 0.755491993426
16 96 0.747121099673
16 97 0.705651176798
16 98 0.496412631517
16 99 0.506968553548
16 100 0.478418919207
17 1 0.73426741777
17 2 0.704308466827
17 3 0.734599009739
17 4 0.794683827981
17 5 0.82163852137
17 6 0.749144394898
17 7 0.754006746772
17 8 0.785469963497
17 9 0.775347276199
17 10 0.780243696023
17 11 0.753099136246
17 12 0.759517475072
17 13 0.760185459525
17 14 0.756710522734
17 15 0.779826519735
17 16 0.848671647005
17 17 1.0
17 18 0.773501520469
17 19 0.787201673675
17 20 0.701428580331
17 21 0.772629609699
17 22 0.737546971252
17 23 0.769115788703
17 24 0.753363539437
17 25 0.704337754612
17 26 0.799571510604
17 27 0.783644146938
17 28 0.758877185309
17 29 0.755827247154
17 30 0.497952902941
17 31 0.818732967037
17 32 0.772099286305
17 33 0.774554373385
17 34 0.721211751902
17 35 0.715724847596
17 36 0.772940475654
17 37 0.782719428321
17 38 0.807836457606
17 39 0.825513819833
17 40 0.809198973091
17 41 0.771088358242
17 42 0.789391561257
17 43 0.761467458491
17 44 0.786687528464
17 45 0.784742272295
17 46 0.790287301917
17 47 0.799068354819
17 48 0.806559659882
17 49 0.79665024923
17 50 0.812564424061
17 51 0.805643974272
17 52 0.790334002579
17 53 0.748462980494
17 54 0.750423356516
17 55 0.824052985429
17 56 0.796488091947
17 57 0.82856593369
17 58 0.789855101525
17 59 0.792853543938
17 60 0.842237122054
17 61 0.824375190229
17 62 0.794066545703
17 63 0.766917247539
17 64 0.824797329217
17 65 0.826637050192
17 66 0.796002956207
17 67 0.593310900597
17 68 0.645134542697
17 69 0.698568187474
17 70 0.491089081324
17 71 0.583206250509
17 72 0.760650726262
17 73 0.743535042364
17 74 0.81637050038
17 75 0.805954129261
17 76 0.768902899863
17 77 0.812056713026
17 78 0.48521402055
17 79 0.501960306811
17 80 0.510123342481
17 81 0.403302421047
17 82 0.644666170324
17 83 0.594700836496
17 84 0.510837618735
17 85 0.424130154152
17 86 0.361646501633
17 87 0.406132430563
17 88 0.489552884104
17 89 0.495110705114
17 90 0.270335098956
17 91 0.278457782618
17 92 0.431866824262
17 93 0.460436052529
17 94 0.750427295935
17 95 0.754013837984
17 96 0.759705835467
17 97 0.719676303638
17 98 0.474272343129
17 99 0.481591188834
17 100 0.463956932937
18 1 0.747364349372
18 2 0.766875063504
18 3 0.816143923623
18 4 0.781601879282
18 5 0.811852200227
18 6 0.83843580752
18 7 0.845887972322
18 8 0.851853292002
18 9 0.772225212811
18 10 0.800800645219
18 11 0.807119356813
18 12 0.802620529823
18 13 0.812122256674
18 14 0.748823434444
18 15 0.788822255259
18 16 0.75497710961
18 17 0.773501520469
18 18 1.0
18 19 0.870167649366
18 20 0.803691022462
18 21 0.797279582575
18 22 0.770962704904
18 23 0.773948782956
18 24 0.788992421631
18 25 0.78626168904
18 26 0.79211525834
18 27 0.787532337724
18 28 0.799069066132
18 29 0.776943576999
18 30 0.527950626295
18 31 0.822894386495
18 32 0.804211595572
18 33 0.787774002272
18 34 0.736269345301
18 35 0.728048269849
18 36 0.77175880282
18 37 0.767573402782
18 38 0.838398840787
18 39 0.799279777352
18 40 0.833757371005
18 41 0.810782765118
18 42 0.841439896055
18 43 0.785392241883
18 44 0.748586949734
18 45 0.771454700377
18 46 0.789441354407
18 47 0.811399902936
18 48 0.791599910528
18 49 0.777856647716
18 50 0.811848821215
18 51 0.818298092168
18 52 0.810349013432
18 53 0.777257355753
18 54 0.765894416856
18 55 0.81259439265
18 56 0.844485149818
18 57 0.793474165182
18 58 0.83148037549
18 59 0.829500572225
18 60 0.829183695422
18 61 0.810640982492
18 62 0.806503640547
18 63 0.80273741139
18 64 0.814409918122
18 65 0.848801493997
18 66 0.835714430345
18 67 0.625582704526
18 68 0.692428729441
18 69 0.797381803816
18 70 0.54588385083
18 71 0.652004712117
18 72 0.77483663966
18 73 0.765082101037
18 74 0.827909672897
18 75 0.810220102084
18 76 0.760138118375
18 77 0.821019166311
18 78 0.528825868969
18 79 0.539074731068
18 80 0.542812293712
18 81 0.43629168971
18 82 0.664194751213
18 83 0.617052152509
18 84 0.5474125065
18 85 0.434845997824
18 86 0.375484644774
18 87 0.432497228051
18 88 0.522907365018
18 89 0.526471383948
18 90 0.307903917969
18 91 0.289257359069
18 92 0.455749783165
18 93 0.485644633582
18 94 0.810530854576
18 95 0.811871084133
18 96 0.826674867015
18 97 0.767917987649
18 98 0.524204231505
18 99 0.524914743726
18 100 0.491668622417
19 1 0.744655526151
19 2 0.762812068699
19 3 0.800721181389
19 4 0.810760423831
19 5 0.817195877899
19 6 0.839328427792
19 7 0.854337182029
19 8 0.85786781821
19 9 0.765765567531
19 10 0.800746375774
19 11 0.807784866498
19 12 0.803950304539
19 13 0.821662970827
19 14 0.757698004467
19 15 0.799361931
19 16 0.770083202646
19 17 0.787201673675
19 18 0.870167649366
19 19 1.0
19 20 0.788393256889
19 21 0.811640027799
19 22 0.767988383249
19 23 0.766782701729
19 24 0.79443908872
19 25 0.780155102276
19 26 0.79597408044
19 27 0.809379081282
19 28 0.808198197552
19 29 0.794122379569
19 30 0.508030020359
19 31 0.820444369967
19 32 0.809467801576
19 33 0.798823619555
19 34 0.750968476874
19 35 0.732347774587
19 36 0.771323490868
19 37 0.773781318178
19 38 0.823371339308
19 39 0.814310986112
19 40 0.846593508642
19 41 0.815122143322
19 42 0.851847199527
19 43 0.780105653145
19 44 0.76514400323
19 45 0.798930375642
19 46 0.797410542535
19 47 0.814099971386
19 48 0.796434436296
19 49 0.795800301351
19 50 0.82521862519
19 51 0.8291923505
19 52 0.817524969945
19 53 0.788836596285
19 54 0.789762862428
19 55 0.813858371301
19 56 0.852412974867
19 57 0.8159984537
19 58 0.851889782222
19 59 0.840548352031
19 60 0.834703654192
19 61 0.830941916618
19 62 0.832295881035
19 63 0.818895127484
19 64 0.819696109023
19 65 0.844276676474
19 66 0.848331861252
19 67 0.606917350612
19 68 0.684437869931
19 69 0.782167419258
19 70 0.548312523452
19 71 0.663040090358
19 72 0.797036651913
19 73 0.77352890917
19 74 0.843578236122
19 75 0.819292144431
19 76 0.765974915446
19 77 0.816479726912
19 78 0.5223950114
19 79 0.538104350418
19 80 0.532415511929
19 81 0.432401609616
19 82 0.662119271241
19 83 0.606838775302
19 84 0.542968959769
19 85 0.438903003458
19 86 0.375613991462
19 87 0.421357306429
19 88 0.514799756431
19 89 0.519610499986
19 90 0.293072971878
19 91 0.284647929602
19 92 0.464697397271
19 93 0.482201495531
19 94 0.819006017082
19 95 0.811574470718
19 96 0.823934809733
19 97 0.804246078884
19 98 0.51843804931
19 99 0.520699167879
19 100 0.489925557515
20 1 0.689007489443
20 2 0.732030298316
20 3 0.793410805642
20 4 0.759932800393
20 5 0.773240011502
20 6 0.795742476548
20 7 0.801495899086
20 8 0.790998657985
20 9 0.761369218565
20 10 0.730553589266
20 11 0.76191168599
20 12 0.820113954284
20 13 0.825664279122
20 14 0.757836914819
20 15 0.735745819332
20 16 0.702074088617
20 17 0.701428580331
20 18 0.803691022462
20 19 0.788393256889
20 20 1.0
20 21 0.736727111694
20 22 0.757067684372
20 23 0.741315943323
20 24 0.76152089561
20 25 0.766319113914
20 26 0.689813363018
20 27 0.691902570558
20 28 0.753675314952
20 29 0.784385471348
20 30 0.511292500813
20 31 0.758760272798
20 32 0.724437670243
20 33 0.730047474774
20 34 0.742258732615
20 35 0.703339413466
20 36 0.735753029195
20 37 0.697961253617
20 38 0.794609936136
20 39 0.758325711342
20 40 0.763645051227
20 41 0.768312581174
20 42 0.767086513178
20 43 0.760597708636
20 44 0.732235746977
20 45 0.716768681835
20 46 0.773215104473
20 47 0.767680602776
20 48 0.742595590154
20 49 0.751509792096
20 50 0.732516872061
20 51 0.745110730519
20 52 0.741235396476
20 53 0.731453629288
20 54 0.701164979201
20 55 0.721446262925
20 56 0.809795459873
20 57 0.755424693121
20 58 0.81431943175
20 59 0.826074404678
20 60 0.760701219336
20 61 0.761438266757
20 62 0.796524141205
20 63 0.769322604112
20 64 0.766169461675
20 65 0.769696355528
20 66 0.811209592842
20 67 0.590237501736
20 68 0.638151540746
20 69 0.778046556048
20 70 0.460200565061
20 71 0.586048171317
20 72 0.718232344761
20 73 0.685306219884
20 74 0.789702674059
20 75 0.796336907661
20 76 0.702458279017
